Filename:                                                    PX  \
0   [-0.005214884877204895, 0.015963658690452576, ...   
1   [-0.006848031654953957, -0.0001548144064145162...   
2   [-0.018023570999503136, -0.0029368489049375057...   
3   [-0.008264075964689255, 0.0027180896140635014,...   
4   [0.008523048833012581, 0.007303869817405939, 0...   
5   [0.0016887739766389132, 0.0018257523188367486,...   
6   [-0.008162162266671658, 0.0011444330448284745,...   
7   [0.006734324619174004, -0.002880963496863842, ...   
8   [0.013966834172606468, -0.008403189480304718, ...   
9   [0.019438501447439194, 0.0014878871152177453, ...   
10  [-0.03053409978747368, -0.0019187169382348657,...   
11  [0.0031982101500034332, 0.007769737858325243, ...   
12  [0.0023385663516819477, -0.0004437775933183729...   
13  [-1.9619818925857544, -0.0002472348278388381, ...   
14  [-0.004075725097209215, -0.07264576107263565, ...   
15  [3.627506971359253, 0.00900144875049591, 0.006...   
16  [-0.0034733833745121956, 0.0005616597482003272...   
17  [0.055357590317726135, 0.0002943810250144452, ...   
18  [-0.011398100294172764, 0.00039476543315686285...   
19  [0.005715406499803066, 0.0016943688970059156, ...   
20  [-0.0010952576994895935, 0.000282762834103778,...   
21  [0.19990496337413788, -0.0001370908721582964, ...   
22  [-0.011162899434566498, -0.012572304345667362,...   
23  [-0.21747185289859772, 0.002499088179320097, -...   
24  [0.0031574759632349014, 0.00257050315849483, -...   
25  [1.4851211309432983, 0.0134732099249959, 0.002...   
26  [-0.4602717161178589, -0.05981806293129921, 0....   
27  [-0.29517653584480286, -0.0006780149415135384,...   
28  [0.05571764335036278, -0.0003291853645350784, ...   
29  [-0.016712840646505356, 0.0022374428808689117,...   
30  [-3.8787243366241455, -0.0045676929876208305, ...   
31  [0.5822106599807739, -0.0003314279019832611, 0...   
32  [0.004050192888826132, -0.0009684296674095094,...   
33  [0.0030876959208399057, 7.408414967358112e-05,...   
34  [-1.5825480222702026, -0.029905539005994797, 0...   
35  [-0.0004943995154462755, 0.0005948664038442075...   
36  [0.000296552520012483, 0.0014493607450276613, ...   
37  [0.0002591742668300867, 0.0006003223243169487,...   
38  [0.0015862886793911457, -0.00351894018240273, ...   
39  [0.035810764878988266, 0.02792375162243843, 0....   
40  [-0.0009382058633491397, 0.0014355252496898174...   
41  [0.9498673677444458, 0.0024677724577486515, -0...   
42  [-0.44852572679519653, 0.0006760567193850875, ...   
43  [0.0022546143736690283, 0.0009592509013600647,...   
44  [0.0012167965760454535, 0.0029108666349202394,...   
45  [-0.006238067056983709, 0.0004167919687461108,...   
46  [0.0026211359072476625, -0.0045953672379255295...   
47  [0.012709282338619232, 0.0015670713037252426, ...   
48  [-0.0019984240643680096, -0.006015259306877851...   
49  [0.0036601247265934944, 0.6005696654319763, 0....   
50  [0.0015780595131218433, -0.002491333754733205,...   
51  [-0.037774935364723206, -0.0001249549386557191...   
52  [0.01963471993803978, 0.016164878383278847, 0....   
53  [0.01072815153747797, -0.0013260177802294493, ...   
54  [0.0017368725966662169, 0.0009214806486852467,...   
55  [0.004489639773964882, 0.004731773864477873, -...   
56  [0.03207996487617493, 0.005989287979900837, 0....   
57  [-0.5056270956993103, 0.010905559174716473, 0....   
58  [0.0012306453427299857, 0.0005728555261157453,...   
59  [0.024566611275076866, 0.006033339537680149, 0...   
60  [-8.166537008946761e-05, -0.000572891032788902...   
61  [-0.1048344150185585, -0.004065745044499636, -...   
62  [0.0005677493172697723, -0.005021798890084028,...   
63  [-0.0030072289519011974, 6.178868352435529e-05...   
64  [-2.12941837310791, 0.003257901407778263, 0.00...   
65  [1.70891535282135, -0.00042921488056890666, 4....   
66  [1.154651403427124, 0.0015966900391504169, 0.0...   
67  [-0.011419626884162426, 0.0005249849637039006,...   
68  [-2.0244343280792236, 0.0011137527180835605, -...   
69  [0.05712611600756645, 0.0010715012904256582, 0...   
70  [3.989607284893282e-05, -0.0001025330493575893...   
71  [0.22287927567958832, -0.0003448072529863566, ...   
72  [0.08161495625972748, 0.004605484660714865, 0....   
73  [-0.17925786972045898, -0.0037154443562030792,...   
74  [-0.008371955715119839, 0.00013738097914028913...   
75  [0.007495766971260309, 0.004263500217348337, 0...   
76  [-0.00631283363327384, 0.003557017305865884, -...   
77  [-0.015235407277941704, 0.003239889396354556, ...   
78  [-0.1962134689092636, -0.001789852394722402, -...   
79  [2.354240894317627, 0.0031844323966652155, 0.0...   
80  [0.13673344254493713, 0.0020769499242305756, -...   
81  [-0.006386521738022566, 0.0029120950493961573,...   
82  [-0.01894547790288925, 0.013783209957182407, 0...   
83  [-0.0014904014533385634, -0.000257506355410441...   
84  [0.0005563171580433846, 0.00015178103058133274...   
85  [-0.0005326452665030956, -0.025597678497433662...   
86  [2.3560376167297363, -4.588752199197188e-05, 0...   
87  [-0.010404451750218868, 0.0035537504591047764,...   
88  [0.858697235584259, 0.0002490880142431706, -0....   
89  [-0.00234556058421731, 0.000939821416977793, 0...   
90  [2.7804596424102783, -3.643766467575915e-05, -...   
91  [0.017074139788746834, -0.00013225733709987253...   
92  [-0.045397818088531494, -0.001796229276806116,...   
93  [-0.01349937915802002, -0.0011556677054613829,...   
94  [-0.0739358589053154, 0.0005699956091120839, 0...   
95  [0.008013179525732994, 0.0010313342791050673, ...   
96  [-1.0344661474227905, -0.001857877359725535, -...   
97  [0.0024133333936333656, 0.0004090027359779924,...   
98  [-0.002545225201174617, -0.001664338051341474,...   
99  [0.0013813694240525365, 0.009702438488602638, ...   

                                                   PY  \
0   [-0.010602706111967564, -0.04372521862387657, ...   
1   [-0.0031370145734399557, -0.000211309685255400...   
2   [-0.002169918967410922, -0.004037744831293821,...   
3   [-0.0016959402710199356, -0.00106353301089257,...   
4   [-0.0037712559569627047, 0.0061602466739714146...   
5   [-0.012589864432811737, -0.002036785939708352,...   
6   [-0.023248940706253052, 0.0027134311385452747,...   
7   [0.0036755078472197056, -0.0031734772492200136...   
8   [-0.009612038731575012, 0.005375145003199577, ...   
9   [-0.021637914702296257, -0.003726028837263584,...   
10  [-0.0023236246779561043, 0.0008982204017229378...   
11  [-0.001009407453238964, 0.0014316147426143289,...   
12  [0.004025124944746494, -0.0008452579495497048,...   
13  [-1.3645923137664795, -0.00359354168176651, -0...   
14  [0.004188885446637869, -0.023792073130607605, ...   
15  [-18.678607940673828, -0.019296536222100258, 0...   
16  [-0.0025795777328312397, -0.01008429192006588,...   
17  [-0.012124031782150269, -0.0002365089894738048...   
18  [-0.007912625558674335, -0.0001050357313943095...   
19  [0.013018401339650154, -0.0020660061854869127,...   
20  [0.0005624521872960031, -0.0003353992942720651...   
21  [-0.026953577995300293, -0.0002564460446592420...   
22  [-0.005828535184264183, -0.014070501551032066,...   
23  [-0.01704191230237484, -0.00048254019930027425...   
24  [-0.0024352658074349165, -0.000281474291114136...   
25  [0.35494887828826904, -0.007195525802671909, -...   
26  [0.19792471826076508, 0.012239022180438042, -0...   
27  [-0.10776890069246292, 0.0008669751696288586, ...   
28  [0.040595319122076035, -0.006235089153051376, ...   
29  [-0.007887584157288074, -0.0037847331259399652...   
30  [0.8463367223739624, -0.0011566092725843191, -...   
31  [4.453284740447998, -0.003976156003773212, -0....   
32  [-0.00045943015720695257, -0.00119380943942815...   
33  [-0.03045208938419819, 0.00048720306949689984,...   
34  [-1.4859814643859863, -0.012376206927001476, 0...   
35  [-0.0007562371902167797, -0.007227158173918724...   
36  [-0.0021085459738969803, -0.000386303465347737...   
37  [0.000614098971709609, 0.0006633272278122604, ...   
38  [0.0014878021320328116, -0.002335641533136368,...   
39  [0.009893887676298618, -0.050941102206707, -0....   
40  [-0.0013575478224083781, -0.000626308494247496...   
41  [0.7273492217063904, -0.0015574960270896554, 6...   
42  [1.2334614992141724, -0.0007370745297521353, 7...   
43  [5.189069270272739e-05, 0.0005098853725939989,...   
44  [-0.0037457109428942204, -0.000912873365450650...   
45  [-0.008172251284122467, 0.0005538701079785824,...   
46  [0.012770087458193302, 0.014955664984881878, -...   
47  [-0.002229343866929412, -0.0014595490647479892...   
48  [0.0024061750154942274, -0.0004398306482471525...   
49  [0.005346790421754122, -1.2940083742141724, -0...   
50  [0.016691500321030617, -0.0015830387128517032,...   
51  [0.025236696004867554, 0.00012127478839829564,...   
52  [0.009554770775139332, 0.015950322151184082, 0...   
53  [-0.35568755865097046, 0.0007039922056719661, ...   
54  [-0.00905573833733797, -0.018469229340553284, ...   
55  [-0.0011541275307536125, -0.001265712897293269...   
56  [-0.32310521602630615, -0.004582708235830069, ...   
57  [0.9978312849998474, -0.0009389145416207612, 0...   
58  [0.0012464607134461403, 0.00041756604332476854...   
59  [0.019464407116174698, 0.011261201463639736, -...   
60  [-0.0009126976365223527, -0.000446680234745144...   
61  [-0.008088176138699055, 0.0003173225559294224,...   
62  [0.00039676291635259986, 0.004107147455215454,...   
63  [0.004842760507017374, -2.5341088985442184e-05...   
64  [-3.964513063430786, 0.008697369135916233, -0....   
65  [0.991134524345398, -0.0010231189662590623, -0...   
66  [-0.6251023411750793, -3.982212729169987e-05, ...   
67  [-0.011425551027059555, -0.002764906268566847,...   
68  [1.0212448835372925, 0.00410291226580739, 8.91...   
69  [0.028759734705090523, -0.0010996722849085927,...   
70  [-0.0009940564632415771, -0.000921058584935963...   
71  [0.06319491565227509, 0.00020961940754204988, ...   
72  [0.04633365571498871, 0.0028604508843272924, -...   
73  [0.12287025153636932, -0.0030376212671399117, ...   
74  [0.003285992192104459, 0.0037631425075232983, ...   
75  [0.011986336670815945, -0.002884037559852004, ...   
76  [0.009433185681700706, -0.008821962401270866, ...   
77  [0.00421918136999011, 0.0038264449685811996, 0...   
78  [-0.0988779291510582, 0.0004926240653730929, 0...   
79  [-6.730452060699463, -0.010487327352166176, 0....   
80  [0.12498828023672104, 0.003814774565398693, -0...   
81  [0.0009621239732950926, -0.006453101988881826,...   
82  [0.010410577058792114, 0.0014072312042117119, ...   
83  [-0.0008648186922073364, -0.003309895750135183...   
84  [-0.0010323600145056844, -0.001139007159508764...   
85  [0.002752072876319289, 0.008123236708343029, 0...   
86  [-4.765561580657959, -0.0012686529662460089, -...   
87  [0.019461248070001602, 0.005351714324206114, 0...   
88  [10.963979721069336, 0.0003762036794796586, 8....   
89  [-0.0007518674829043448, 0.0004281498549971729...   
90  [3.014510154724121, -0.0009843449806794524, -9...   
91  [0.033986713737249374, 0.0004928424023091793, ...   
92  [0.11358030885457993, 0.00787114817649126, 0.0...   
93  [-0.016258493065834045, -0.009377405047416687,...   
94  [-0.10545559972524643, -0.0003499716694932431,...   
95  [-0.0024907393380999565, 0.011106545105576515,...   
96  [2.515503406524658, -0.0028758614789694548, -0...   
97  [-0.0013821335742250085, -0.000471143343020230...   
98  [0.0031945351511240005, -0.0010983683168888092...   
99  [0.006863512098789215, -0.006536179222166538, ...   

                                                   PZ  \
0   [0.09491447359323502, 0.04561701789498329, 0.0...   
1   [0.07505564391613007, 0.0019000614993274212, 0...   
2   [0.14701731503009796, 0.0405743345618248, 0.31...   
3   [0.04850863292813301, 0.0047533693723380566, 0...   
4   [0.05413970723748207, 0.05039091035723686, 0.0...   
5   [0.071426160633564, 0.04934878274798393, 0.041...   
6   [0.06753411889076233, 0.008315837010741234, 0....   
7   [0.010108447633683681, 0.0013226616429165006, ...   
8   [0.3979259133338928, 0.02699551172554493, 0.00...   
9   [0.1333668977022171, 0.032760463654994965, 0.0...   
10  [0.0184080358594656, 0.0006502598989754915, 0....   
11  [0.024217603728175163, 0.014492792077362537, 0...   
12  [0.01455654390156269, 0.0023971954360604286, 0...   
13  [302.9582214355469, 0.012259445153176785, 0.00...   
14  [0.12396423518657684, 1.4872041940689087, 0.00...   
15  [302.347412109375, 0.10967269539833069, 0.0048...   
16  [0.0009768810123205185, 0.0345405638217926, 0....   
17  [0.4615020155906677, 0.0021184792276471853, 0....   
18  [0.015089219436049461, 0.006815101485699415, 0...   
19  [0.2910550832748413, 0.004862643778324127, 0.0...   
20  [0.0027836302760988474, 0.0009087239159271121,...   
21  [1.7364438772201538, 0.0017362694488838315, 0....   
22  [0.05617188662290573, 0.021772461012005806, 0....   
23  [3.1066341400146484, 0.0016212011687457561, 0....   
24  [0.3180362582206726, 0.09168857336044312, 0.00...   
25  [64.18948364257812, 0.11360891163349152, 0.001...   
26  [3.0203983783721924, 0.38872361183166504, 0.00...   
27  [4.469941139221191, 0.001133480342105031, 0.00...   
28  [0.32902991771698, 0.007998078130185604, 0.002...   
29  [0.03477446362376213, 0.02417657896876335, 0.0...   
30  [24.538480758666992, 0.0014319844776764512, 0....   
31  [42.56692123413086, 0.005488600581884384, 0.00...   
32  [0.07542738318443298, 0.003077620407566428, 0....   
33  [0.3163321912288666, 0.0009625974344089627, 0....   
34  [13.981119155883789, 0.03985138610005379, 0.00...   
35  [0.0030645031947642565, 0.018041256815195084, ...   
36  [0.0019445416983217, 0.0013898445758968592, 0....   
37  [0.0009639968629926443, 0.0007292626542039216,...   
38  [0.0015793022466823459, 0.002756583271548152, ...   
39  [0.07447317242622375, 0.281576544046402, 0.063...   
40  [0.005292924121022224, 0.0025445418432354927, ...   
41  [7.7587714195251465, 0.0011871230090036988, 0....   
42  [8.073580741882324, 0.0070456345565617085, 0.0...   
43  [0.0011099205585196614, 0.0011249273084104061,...   
44  [0.029139846563339233, 0.004066597670316696, 0...   
45  [0.012574248015880585, 0.002418382326141, 0.00...   
46  [0.22589990496635437, 0.08716925233602524, 0.0...   
47  [0.022060386836528778, 0.020953018218278885, 0...   
48  [0.006840211804956198, 0.025308605283498764, 0...   
49  [0.013048461638391018, 11.523255348205566, 0.0...   
50  [0.012737263925373554, 0.004854167345911264, 0...   
51  [0.40869104862213135, 0.002032506512477994, 0....   
52  [0.14657096564769745, 0.16289304196834564, 0.2...   
53  [4.250945568084717, 0.00471842335537076, 0.014...   
54  [0.09980536997318268, 0.10929229110479355, 4.9...   
55  [0.0027600484900176525, 0.002745503792539239, ...   
56  [2.1009278297424316, 0.011790531687438488, 0.0...   
57  [23.505809783935547, 0.00839718896895647, 0.00...   
58  [0.006271926686167717, 0.0008986250613816082, ...   
59  [0.10490410774946213, 0.01311914436519146, 0.0...   
60  [0.0009517630678601563, 0.0005152120720595121,...   
61  [0.8885442018508911, 0.010661513544619083, 3.4...   
62  [0.0010710438946262002, 0.007264176849275827, ...   
63  [0.46393269300460815, 0.0011464752024039626, 0...   
64  [159.93844604492188, 0.008586643263697624, 0.0...   
65  [35.18194580078125, 0.0009205759852193296, 0.0...   
66  [16.71440887451172, 0.002086281543597579, 0.00...   
67  [0.07761463522911072, 0.0005887716542929411, 0...   
68  [24.371843338012695, 0.005604870151728392, 0.0...   
69  [3.9336230754852295, 0.000364415580406785, 0.0...   
70  [0.0010330918012186885, 0.0012733843177556992,...   
71  [14.982742309570312, 0.008174479007720947, 0.0...   
72  [0.6477831602096558, 0.05457551032304764, 0.08...   
73  [2.245283603668213, 0.041294924914836884, 0.08...   
74  [0.013121379539370537, 0.004461334552615881, 0...   
75  [0.08512933552265167, 0.01981530711054802, 0.0...   
76  [0.1193324476480484, 0.00408603111281991, 0.25...   
77  [0.025475798174738884, 0.005970017518848181, 0...   
78  [17.36488151550293, 0.0019647162407636642, 0.0...   
79  [46.44414138793945, 0.026316167786717415, 0.02...   
80  [1.5550302267074585, 0.026259759441018105, 0.0...   
81  [0.0054437401704490185, 0.00229698047041893, 0...   
82  [0.021138908341526985, 0.019058654084801674, 0...   
83  [0.01567736268043518, 0.0038071179296821356, 0...   
84  [0.0008098269463516772, 0.0008452569018118083,...   
85  [0.06334687024354935, 0.16956616938114166, 0.1...   
86  [49.48200988769531, 0.0016825089696794748, 0.0...   
87  [0.15722401440143585, 0.006824856158345938, 0....   
88  [67.01685333251953, 0.003195411991328001, 0.00...   
89  [0.007455752231180668, 0.0005232864641584456, ...   
90  [49.8277473449707, 0.00044791691470891237, 0.0...   
91  [0.49670255184173584, 0.006463620811700821, 0....   
92  [0.921430766582489, 0.007903652265667915, 0.00...   
93  [0.875067949295044, 0.25221484899520874, 0.000...   
94  [34.845829010009766, 0.0014201805461198092, 0....   
95  [0.24014656245708466, 0.01394702959805727, 0.0...   
96  [30.430988311767578, 0.0038253655657172203, 0....   
97  [0.11227957904338837, 0.01571277529001236, 0.0...   
98  [0.01591424085199833, 0.005724259186536074, 0....   
99  [0.003640078939497471, 0.016272563487291336, 0...   

                                                    X  \
0   [0.09108497202396393, 0.8243361711502075, -0.0...   
1   [0.31281939148902893, -0.4062396287918091, -0....   
2   [0.035975854843854904, 0.0966494008898735, 0.1...   
3   [-0.14133109152317047, 0.9301226735115051, 1.4...   
4   [1.123532772064209, 1.1090118885040283, 0.9790...   
5   [0.3274770975112915, 0.32224541902542114, 0.43...   
6   [0.20380458235740662, 0.7659561634063721, 0.60...   
7   [0.9061490893363953, -8.38520336151123, -0.851...   
8   [0.41528651118278503, -0.0393659733235836, -0....   
9   [0.40906640887260437, 0.2918412685394287, 0.35...   
10  [-2.2056992053985596, -3.5511467456817627, 1.4...   
11  [1.2999086380004883, 2.0342068672180176, 1.931...   
12  [1.0699671506881714, -0.7178507447242737, -0.9...   
13  [0.06786511093378067, 0.029410406947135925, 0....   
14  [0.7695388197898865, 0.7307047843933105, -0.09...   
15  [1.0139623880386353, 1.326991319656372, 3.5047...   
16  [0.22889412939548492, 0.8296537399291992, 0.56...   
17  [0.8564386367797852, 1.9566363096237183, 2.079...   
18  [-3.0632882118225098, -0.4718487560749054, 3.7...   
19  [0.19374224543571472, 1.3485954999923706, 1.33...   
20  [-1.7210705280303955, -1.9368605613708496, -1....   
21  [0.10008180141448975, 0.08088868856430054, 0.0...   
22  [-1.3422201871871948, -2.344329833984375, -1.4...   
23  [-0.056870222091674805, 1.1251251697540283, -5...   
24  [0.0013798660365864635, 0.03445674851536751, 0...   
25  [-0.4785710871219635, -0.17003673315048218, 0....   
26  [-0.2711215317249298, -0.27619627118110657, 2....   
27  [-1.2961742877960205, -11.853564262390137, -12...   
28  [0.9242889285087585, 1.3318794965744019, 1.910...   
29  [0.25687718391418457, 1.086326003074646, 1.095...   
30  [-0.8501729369163513, -1.5159367322921753, -2....   
31  [0.7841113209724426, 0.4549497663974762, 3.007...   
32  [-0.7743801474571228, -1.4839268922805786, -1....   
33  [0.1951412707567215, 0.7803658843040466, 0.845...   
34  [0.28814297914505005, -1.8246961832046509, -3....   
35  [-0.9180593490600586, 0.37794655561447144, 0.3...   
36  [-1.3231676816940308, -0.8683174848556519, 0.1...   
37  [4.587872505187988, 4.8844733238220215, -0.612...   
38  [3.168024778366089, -0.3847387433052063, -3.26...   
39  [0.5053472518920898, 0.06400647759437561, 0.03...   
40  [0.06092294305562973, 1.4195913076400757, -2.1...   
41  [0.8281442523002625, 0.8389169573783875, 2.016...   
42  [0.6295937299728394, 2.098038911819458, 1.8399...   
43  [10.310161590576172, 4.199103355407715, -0.953...   
44  [-0.5880203247070312, -0.699765682220459, -0.7...   
45  [-0.9047263264656067, 1.5545252561569214, 1.74...   
46  [-0.5102835893630981, -0.5915617942810059, -0....   
47  [1.2813489437103271, -0.6981784701347351, 0.73...   
48  [-0.14922289550304413, 0.2006331980228424, 0.1...   
49  [0.08875469118356705, -0.13454070687294006, 1....   
50  [-0.5426762700080872, -0.9619140028953552, -0....   
51  [-0.7693599462509155, -1.0543149709701538, -0....   
52  [-0.5231384038925171, -0.5647753477096558, -0....   
53  [0.23726677894592285, -0.002919923746958375, -...   
54  [-0.5709157586097717, -0.6416447758674622, -0....   
55  [1.7972524166107178, 7.103488445281982, -1.467...   
56  [0.794506847858429, 1.8681615591049194, 4.6688...   
57  [0.4978424310684204, 6.267978668212891, 11.875...   
58  [0.3686656057834625, 0.3124251067638397, 0.401...   
59  [0.19361601769924164, 0.3889038562774658, 0.71...   
60  [0.019733088091015816, 0.003750266507267952, -...   
61  [-0.010936959646642208, -0.41663530468940735, ...   
62  [4.466334342956543, 1.0017729997634888, 2.2701...   
63  [-0.7609182000160217, -0.5674341917037964, -0....   
64  [-0.08352108299732208, -0.130710169672966, -0....   
65  [-0.0922260731458664, -2.246164321899414, -2.6...   
66  [-0.21904116868972778, 1.3597934246063232, 1.9...   
67  [-1.0751651525497437, 3.751749038696289, -1.53...   
68  [0.5902191400527954, 0.11922559142112732, -0.8...   
69  [-0.2603798508644104, 2.4658401012420654, 4.11...   
70  [-0.46770957112312317, -0.4313017725944519, 0....   
71  [0.5599615573883057, 0.4552347958087921, 1.943...   
72  [-0.5158218145370483, -0.5782426595687866, -0....   
73  [-0.34508076310157776, -1.551684021949768, -0....   
74  [0.1296152025461197, 0.26369917392730713, 1.01...   
75  [-0.3970581889152527, 2.334878444671631, 1.886...   
76  [-0.10732116550207138, 0.3996448814868927, -0....   
77  [-1.0779694318771362, 0.6226816177368164, -0.9...   
78  [0.594414472579956, 0.34220436215400696, 0.453...   
79  [-0.23670688271522522, 0.5608378052711487, 1.2...   
80  [-0.1962704360485077, -0.18029840290546417, -0...   
81  [-7.38223934173584, 0.24662190675735474, 1.136...   
82  [-1.436144471168518, 1.2029099464416504, 0.541...   
83  [0.6074684858322144, 0.9935963153839111, 2.384...   
84  [0.30527839064598083, 0.7423945069313049, -1.2...   
85  [-0.7209091782569885, -0.9046648740768433, -0....   
86  [0.5559197664260864, 0.4952453076839447, 0.618...   
87  [-0.9386323690414429, -0.33263325691223145, -0...   
88  [-0.24261969327926636, 1.3676387071609497, 1.0...   
89  [-3.471308946609497, 2.7960002422332764, 3.591...   
90  [1.034096360206604, 1.0318617820739746, 0.9728...   
91  [-0.23604151606559753, -0.3160228133201599, -0...   
92  [0.3289891183376312, -1.023484230041504, -0.83...   
93  [0.011700552888214588, 0.0206567645072937, 0.1...   
94  [-0.8243056535720825, -0.20525158941745758, -0...   
95  [0.17343632876873016, 0.36280202865600586, 1.2...   
96  [0.11107756197452545, 0.019926460459828377, -0...   
97  [0.6461028456687927, 0.9694088697433472, 0.655...   
98  [-0.5577912330627441, -0.809737503528595, -0.7...   
99  [1.3768471479415894, 1.476172685623169, 11.143...   

                                                    Y  \
0   [0.07834295928478241, -1.2504193782806396, -1....   
1   [-0.1961410939693451, -0.46339452266693115, -0...   
2   [-0.4907633066177368, -0.6868810057640076, -0....   
3   [0.46364837884902954, -0.43778517842292786, -1...   
4   [0.30651402473449707, 0.5586427450180054, 0.41...   
5   [-1.2913919687271118, -1.0951826572418213, -1....   
6   [-1.8565961122512817, 0.009102048352360725, -2...   
7   [0.973741888999939, -6.833271026611328, -0.012...   
8   [0.1801876723766327, 0.37856325507164, 1.39557...   
9   [0.11210238188505173, 0.08793333172798157, 0.5...   
10  [-0.28535330295562744, -0.4411378502845764, 1....   
11  [0.15000347793102264, -0.02075347863137722, 1....   
12  [1.844595193862915, -0.010738229379057884, -0....   
13  [0.7507159113883972, 0.5077662467956543, -0.09...   
14  [0.5091124773025513, 0.4650604724884033, 1.156...   
15  [-0.6060433387756348, -1.5018365383148193, -2....   
16  [-1.7922903299331665, -1.8631778955459595, -1....   
17  [-0.07210366427898407, -0.6113167405128479, -0...   
18  [-3.3003017902374268, -1.2911334037780762, -1....   
19  [0.6210492253303528, -0.15306635200977325, 0.4...   
20  [-1.1304237842559814, 1.8210508823394775, 1.76...   
21  [-0.7194434404373169, -1.6337980031967163, -1....   
22  [0.24944263696670532, -0.6141676902770996, 1.0...   
23  [-0.2851370871067047, -0.6096840500831604, -3....   
24  [0.5398914813995361, 0.4936351478099823, 0.572...   
25  [0.6312274932861328, 0.5544012784957886, 0.597...   
26  [1.125028371810913, 1.0684157609939575, -2.189...   
27  [-0.8700855374336243, 12.373371124267578, 13.0...   
28  [0.07739941030740738, -0.8843908905982971, 0.3...   
29  [-0.9572131633758545, -0.9556787014007568, -0....   
30  [0.7949627041816711, 0.545417308807373, 0.3666...   
31  [-0.41036567091941833, -3.797595262527466, -3....   
32  [-0.3770545423030853, -1.74678373336792, -2.57...   
33  [-1.4772523641586304, 0.1426401287317276, 0.56...   
34  [-0.43268218636512756, -2.0622007846832275, -2...   
35  [-0.12435824424028397, -1.2256596088409424, -0...   
36  [0.10380002111196518, -0.7031853795051575, 2.0...   
37  [7.617037773132324, 8.319816589355469, 0.15084...   
38  [-1.4256902933120728, -1.5912559032440186, -2....   
39  [0.523229718208313, 0.19216063618659973, -0.16...   
40  [-0.4783094525337219, -0.15221509337425232, -0...   
41  [-0.387216180562973, -2.691338062286377, 0.196...   
42  [0.664839506149292, -0.4912537634372711, -2.43...   
43  [-3.0674383640289307, -0.10909225791692734, -1...   
44  [-0.4359164834022522, -0.9401821494102478, -0....   
45  [-4.704890251159668, -0.07572862505912781, 0.2...   
46  [0.6165698170661926, 0.7059659957885742, -0.56...   
47  [-0.9676545858383179, 0.05712738633155823, -1....   
48  [-0.30859455466270447, -0.17127399146556854, -...   
49  [-0.0037307634484022856, -0.4948323667049408, ...   
50  [2.2008869647979736, -0.2467735856771469, -0.0...   
51  [-0.5888667106628418, -1.2481932640075684, -0....   
52  [0.5576566457748413, 0.6893500089645386, 0.801...   
53  [-1.1312952041625977, -1.324540376663208, -2.5...   
54  [-0.2611040472984314, -0.5128490924835205, -0....   
55  [-0.7453730702400208, -1.363808274269104, 0.65...   
56  [0.4500232934951782, -1.5936963558197021, 0.19...   
57  [0.40818774700164795, -2.8275251388549805, -4....   
58  [-1.0392955541610718, 0.5151130557060242, 0.58...   
59  [0.17631353437900543, 0.678176999092102, -1.01...   
60  [-1.8098528385162354, -1.9884779453277588, -1....   
61  [0.5101999044418335, -0.047650501132011414, 0....   
62  [4.335845947265625, -1.2940725088119507, -1.62...   
63  [-0.28794288635253906, -0.39897286891937256, -...   
64  [-0.166544571518898, 0.2168227583169937, -1.39...   
65  [-0.7690560817718506, -4.373943328857422, -5.4...   
66  [0.47173070907592773, 0.009486745111644268, -0...   
67  [-0.7185978889465332, -11.884478569030762, -1....   
68  [0.5941801071166992, 0.7286885380744934, 1.324...   
69  [0.5165563821792603, -2.589165210723877, -4.28...   
70  [-6.0517730712890625, -6.3414998054504395, -0....   
71  [-0.3634428381919861, -1.37684166431427, -3.17...   
72  [0.6572650074958801, 0.5111375451087952, 0.418...   
73  [-0.2956341505050659, -0.20682770013809204, -0...   
74  [0.25271525979042053, -0.3471984267234802, 0.2...   
75  [-0.13316427171230316, -0.882784366607666, 0.2...   
76  [0.9170494675636292, -1.3732060194015503, 0.89...   
77  [0.7473907470703125, 0.7396532297134399, 0.998...   
78  [-0.3028322756290436, -0.6845396161079407, 0.1...   
79  [-1.427958369255066, -3.522883415222168, -2.07...   
80  [1.1406335830688477, 1.0777639150619507, 0.864...   
81  [9.222772598266602, 0.6143275499343872, -1.416...   
82  [-0.02211964689195156, -0.7270567417144775, -3...   
83  [-0.9430217742919922, -1.2865982055664062, -2....   
84  [-3.0892796516418457, -3.91068959236145, -0.47...   
85  [0.3576972782611847, 0.4285619854927063, 0.375...   
86  [-0.02238023839890957, -2.7190237045288086, -3...   
87  [0.19033962488174438, 0.3102586269378662, -8.1...   
88  [0.08298169076442719, 2.582847833633423, 2.508...   
89  [-0.23211570084095, 3.0503101348876953, 3.4128...   
90  [0.15380267798900604, -8.08708381652832, -9.68...   
91  [-0.8505279421806335, -0.1772717982530594, -0....   
92  [-0.1888083517551422, 3.2567336559295654, 2.26...   
93  [0.3760123550891876, 0.3314695358276367, 0.201...   
94  [0.42135733366012573, 0.7276538014411926, -0.2...   
95  [-0.49300530552864075, 0.4028382897377014, -2....   
96  [0.8983218669891357, -0.05447909235954285, -1....   
97  [0.5028461217880249, 0.25014764070510864, 0.49...   
98  [-0.4532409608364105, -1.735147476196289, -0.3...   
99  [0.2528470754623413, -1.3355344533920288, -1.7...   

                                                    Z  \
0   [-3039.054443359375, -3039.054443359375, -3039...   
1   [-3039.054443359375, -3030.17919921875, -3029....   
2   [-3039.054443359375, -3039.054443359375, -3039...   
3   [-3039.054443359375, -3040.20458984375, -3040....   
4   [-3039.054443359375, -3039.054443359375, -3039...   
5   [-3039.054443359375, -3039.054443359375, -3039...   
6   [-3039.054443359375, -3039.054443359375, -3040...   
7   [-3039.054443359375, -3038.733642578125, -3040...   
8   [-3039.054443359375, -3039.054443359375, -3030...   
9   [-3039.054443359375, -3039.054443359375, -3039...   
10  [-3039.054443359375, -3038.316650390625, -3039...   
11  [-3039.054443359375, -3039.054443359375, -3039...   
12  [-3038.12451171875, -3039.554931640625, -3038....   
13  [-3039.054443359375, -3038.47802734375, -3029....   
14  [-3039.054443359375, -3039.054443359375, -3029...   
15  [-3039.054443359375, -3029.259033203125, -3030...   
16  [-3040.20458984375, -3039.054443359375, -3039....   
17  [-3039.054443359375, -3029.259033203125, -3028...   
18  [-3040.20458984375, -3040.20458984375, -3040.2...   
19  [-3039.054443359375, -3030.408935546875, -3029...   
20  [-3039.78955078125, -3030.249755859375, -3030....   
21  [-3039.054443359375, -3029.87255859375, -3029....   
22  [-3039.054443359375, -3039.054443359375, -3039...   
23  [-3039.054443359375, -3040.20458984375, -3038....   
24  [-3039.054443359375, -3039.054443359375, -3039...   
25  [-3039.054443359375, -3029.259033203125, -3030...   
26  [-3039.054443359375, -3039.054443359375, -3029...   
27  [-3039.054443359375, -3019.72509765625, -3018....   
28  [-3039.054443359375, -3030.408935546875, -3030...   
29  [-3039.054443359375, -3039.054443359375, -3039...   
30  [-3039.054443359375, -3040.20458984375, -3029....   
31  [-3039.054443359375, -3029.259033203125, -3028...   
32  [-3039.054443359375, -3030.408935546875, -3030...   
33  [-3039.054443359375, -3029.569091796875, -3028...   
34  [-3039.054443359375, -3029.259033203125, -3029...   
35  [-3039.4248046875, -3039.054443359375, -3039.0...   
36  [-3040.20458984375, -3040.20458984375, -3039.4...   
37  [-3019.51025390625, -3018.406982421875, -3039....   
38  [-3040.170654296875, -3040.20458984375, -3040....   
39  [-3039.054443359375, -3039.054443359375, -3039...   
40  [-3040.20458984375, -3040.093505859375, -3039....   
41  [-3039.054443359375, -3030.408935546875, -3030...   
42  [-3039.054443359375, -3030.408935546875, -3030...   
43  [-3039.186279296875, -3037.993408203125, -3039...   
44  [-3039.054443359375, -3040.20458984375, -3039....   
45  [-3040.20458984375, -3039.054443359375, -3037....   
46  [-3039.054443359375, -3039.054443359375, -3040...   
47  [-3039.054443359375, -3029.259033203125, -3039...   
48  [-3039.054443359375, -3039.054443359375, -3039...   
49  [-3039.054443359375, -3039.054443359375, -3030...   
50  [-3039.054443359375, -3040.20458984375, -3039....   
51  [-3039.054443359375, -3039.054443359375, -3040...   
52  [-3039.054443359375, -3039.054443359375, -3039...   
53  [-3039.054443359375, -3030.183349609375, -3029...   
54  [-3039.054443359375, -3039.054443359375, -3039...   
55  [-3039.69775390625, -3038.91455078125, -3039.0...   
56  [-3039.054443359375, -3040.20458984375, -3029....   
57  [-3039.054443359375, -3030.408935546875, -3029...   
58  [-3040.20458984375, -3040.06494140625, -3039.9...   
59  [-3039.054443359375, -3039.054443359375, -3039...   
60  [-3040.018310546875, -3039.83203125, -3039.054...   
61  [-3039.054443359375, -3039.054443359375, -3039...   
62  [-3029.259033203125, -3039.054443359375, -3039...   
63  [-3039.054443359375, -3029.88037109375, -3029....   
64  [-3039.054443359375, -3029.259033203125, -3030...   
65  [-3039.054443359375, -3029.44140625, -3028.473...   
66  [-3039.054443359375, -3029.4462890625, -3028.2...   
67  [-3039.054443359375, -3030.408935546875, -3040...   
68  [-3039.054443359375, -3029.259033203125, -3029...   
69  [-3039.054443359375, -3029.84765625, -3029.286...   
70  [-3030.30810546875, -3030.125732421875, -3040....   
71  [-3039.054443359375, -3030.408935546875, -3030...   
72  [-3039.054443359375, -3039.054443359375, -3039...   
73  [-3039.054443359375, -3029.259033203125, -3039...   
74  [-3039.054443359375, -3039.53466796875, -3039....   
75  [-3039.054443359375, -3039.48486328125, -3040....   
76  [-3039.054443359375, -3040.20458984375, -3039....   
77  [-3039.054443359375, -3039.054443359375, -3029...   
78  [-3039.054443359375, -3040.20458984375, -3029....   
79  [-3039.054443359375, -3029.259033203125, -3029...   
80  [-3039.054443359375, -3039.054443359375, -3039...   
81  [-3030.408935546875, -3040.20458984375, -3040....   
82  [-3039.054443359375, -3039.054443359375, -3040...   
83  [-3039.054443359375, -3040.20458984375, -3039....   
84  [-3039.5751953125, -3038.931396484375, -3039.0...   
85  [-3039.054443359375, -3039.054443359375, -3039...   
86  [-3039.054443359375, -3029.259033203125, -3028...   
87  [-3039.054443359375, -3039.054443359375, -3029...   
88  [-3039.054443359375, -3019.46337890625, -3020....   
89  [-3040.20458984375, -3029.9658203125, -3029.52...   
90  [-3039.054443359375, -3029.683837890625, -3028...   
91  [-3039.054443359375, -3029.855712890625, -3028...   
92  [-3039.054443359375, -3019.46337890625, -3030....   
93  [-3039.054443359375, -3039.054443359375, -3040...   
94  [-3039.054443359375, -3030.238037109375, -3029...   
95  [-3039.054443359375, -3039.054443359375, -3040...   
96  [-3039.054443359375, -3040.20458984375, -3040....   
97  [-3039.054443359375, -3039.054443359375, -3038...   
98  [-3039.054443359375, -3040.20458984375, -3039....   
99  [-3039.054443359375, -3039.054443359375, -3038...   

                                                 Time  \
0   [0.22299985587596893, 0.22543999552726746, 0.2...   
1   [0.18309806287288666, 0.5110766887664795, 0.52...   
2   [0.10388926416635513, 0.10389688611030579, 0.1...   
3   [0.058945182710886, 0.05995524674654007, 0.183...   
4   [0.21048220992088318, 0.21051573753356934, 0.2...   
5   [0.14269165694713593, 0.1425507366657257, 0.14...   
6   [0.17088904976844788, 0.17448081076145172, 0.1...   
7   [0.2572070360183716, 0.6175985932350159, 0.267...   
8   [0.10435248166322708, 0.1046123057603836, 0.45...   
9   [0.15141655504703522, 0.1513175666332245, 0.15...   
10  [0.24110282957553864, 0.33288395404815674, 0.2...   
11  [0.2605832815170288, 0.2644580900669098, 0.265...   
12  [0.31140393018722534, 0.2464907020330429, 0.29...   
13  [0.03591176122426987, 0.07436958700418472, 0.3...   
14  [0.11867652833461761, 0.11866114288568497, 0.4...   
15  [0.030298298224806786, 0.3581641614437103, 0.3...   
16  [0.17747636139392853, 0.16968053579330444, 0.1...   
17  [0.1885916143655777, 0.5182581543922424, 0.581...   
18  [0.1466427594423294, 0.14421428740024567, 0.15...   
19  [0.051529549062252045, 0.3799654543399811, 0.3...   
20  [0.08790469914674759, 0.44850820302963257, 0.4...   
21  [0.07347496598958969, 0.4036843180656433, 0.43...   
22  [0.2633381187915802, 0.26868608593940735, 0.26...   
23  [0.04204489663243294, 0.044585518538951874, 0....   
24  [0.1002047136425972, 0.10020559281110764, 0.10...   
25  [0.09146112948656082, 0.41830945014953613, 0.4...   
26  [0.11737401783466339, 0.11737305670976639, 0.5...   
27  [0.11048325151205063, 0.981289267539978, 1.063...   
28  [0.10135698318481445, 0.43081721663475037, 0.4...   
29  [0.15922638773918152, 0.15857036411762238, 0.1...   
30  [0.05357643961906433, 0.06093570217490196, 0.3...   
31  [0.028659509494900703, 0.38244539499282837, 0....   
32  [0.1506773978471756, 0.47922053933143616, 0.54...   
33  [0.2219165414571762, 0.5703263878822327, 0.633...   
34  [0.126306414604187, 0.46037888526916504, 0.709...   
35  [0.21025249361991882, 0.19062788784503937, 0.1...   
36  [0.25968116521835327, 0.30221953988075256, 0.2...   
37  [0.9785973429679871, 1.0680752992630005, 0.236...   
38  [0.2665954530239105, 0.24060605466365814, 0.35...   
39  [0.09614545106887817, 0.09584911912679672, 0.0...   
40  [0.1746562421321869, 0.1805950552225113, 0.180...   
41  [0.10298807919025421, 0.4703189730644226, 0.44...   
42  [0.0927467867732048, 0.42661935091018677, 0.60...   
43  [0.1359386444091797, 0.2969290614128113, 0.130...   
44  [0.21964871883392334, 0.22056446969509125, 0.2...   
45  [0.2212667465209961, 0.21011245250701904, 0.28...   
46  [0.12081312388181686, 0.12084177881479263, 0.1...   
47  [0.1730756312608719, 0.5033764839172363, 0.172...   
48  [0.2137974500656128, 0.21378014981746674, 0.21...   
49  [0.11744559556245804, 0.11670228093862534, 0.4...   
50  [0.16777917742729187, 0.15666121244430542, 0.1...   
51  [0.06671801954507828, 0.06670388579368591, 0.0...   
52  [0.18979379534721375, 0.18998774886131287, 0.1...   
53  [0.08455686271190643, 0.41488534212112427, 0.4...   
54  [0.14327260851860046, 0.14372707903385162, 0.1...   
55  [0.2983706295490265, 0.3644654452800751, 0.263...   
56  [0.04511624202132225, 0.045827001333236694, 0....   
57  [0.05653339624404907, 0.40966495871543884, 0.8...   
58  [0.2026689648628235, 0.2032741904258728, 0.215...   
59  [0.18960879743099213, 0.19116322696208954, 0.1...   
60  [0.19600817561149597, 0.21325819194316864, 0.1...   
61  [0.05649680271744728, 0.05706174299120903, 0.0...   
62  [0.6031069159507751, 0.2274547964334488, 0.219...   
63  [0.12398053705692291, 0.45090967416763306, 0.4...   
64  [0.032672371715307236, 0.36466431617736816, 0....   
65  [0.07761777192354202, 0.45880383253097534, 0.5...   
66  [0.07233964651823044, 0.4061822295188904, 0.48...   
67  [0.2592013478279114, 0.7880839705467224, 0.271...   
68  [0.07266131788492203, 0.40265437960624695, 0.4...   
69  [0.03560831397771835, 0.39226779341697693, 0.5...   
70  [0.6133370399475098, 0.622690737247467, 0.2098...   
71  [0.06943269073963165, 0.39711132645606995, 0.6...   
72  [0.0838402658700943, 0.08376088738441467, 0.08...   
73  [0.038432925939559937, 0.3686516582965851, 0.0...   
74  [0.24912457168102264, 0.24928775429725647, 0.2...   
75  [0.1711573749780655, 0.17129547894001007, 0.20...   
76  [0.13079212605953217, 0.17631103098392487, 0.1...   
77  [0.23903006315231323, 0.24428482353687286, 0.5...   
78  [0.05986226722598076, 0.06124253198504448, 0.3...   
79  [0.062355730682611465, 0.3945339024066925, 0.3...   
80  [0.10360616445541382, 0.10364388674497604, 0.1...   
81  [0.6282938122749329, 0.22752387821674347, 0.29...   
82  [0.20273329317569733, 0.19217568635940552, 0.1...   
83  [0.13445322215557098, 0.13598577678203583, 0.2...   
84  [0.23003877699375153, 0.30392640829086304, 0.1...   
85  [0.0983748808503151, 0.09844235330820084, 0.09...   
86  [0.03166947141289711, 0.37165379524230957, 0.4...   
87  [0.23546037077903748, 0.2371784746646881, 0.67...   
88  [0.04818936809897423, 0.7088570594787598, 0.72...   
89  [0.16784922778606415, 0.5524357557296753, 0.61...   
90  [0.034033868461847305, 0.51093989610672, 0.627...   
91  [0.2096705585718155, 0.5373662710189819, 0.574...   
92  [0.16434228420257568, 0.831369161605835, 0.505...   
93  [0.06644249707460403, 0.06644617021083832, 0.0...   
94  [0.0872177928686142, 0.4176397919654846, 0.415...   
95  [0.1356354057788849, 0.1427140086889267, 0.138...   
96  [0.117643341422081, 0.11873759329319, 0.190936...   
97  [0.15233692526817322, 0.1522882580757141, 0.20...   
98  [0.15491542220115662, 0.1548822671175003, 0.15...   
99  [0.25944676995277405, 0.2511364817619324, 0.67...   

                                              PdgCode  \
0   [11, 11, 11, 22, 11, 11, 11, 22, 11, 11, 11, 1...   
1   [11, 22, 11, 11, 11, 11, 11, 11, 11, 22, 11, 2...   
2   [11, 11, 11, 11, 11, 11, 22, 11, 11, 11, 11, 1...   
3   [11, 11, 11, 11, 11, 11, 22, 11, 22, 11, 11, 1...   
4   [11, 11, 11, 11, 11, 22, 11, 11, 11, 11, 11, 1...   
5   [11, 11, 11, 22, 11, 11, 11, 11, 22, 11, 22, 1...   
6   [11, 11, 11, 11, 11, 11, 22, 11, 11, 11, 22, 1...   
7   [11, 11, 11, 11, 11, 22, 11, 11, 11, 11, 11, 1...   
8   [11, 11, 11, 11, 11, 22, 11, 11, 11, -11, -11,...   
9   [11, 11, 11, 11, 11, 11, 22, 11, 11, 11, -11, ...   
10  [11, 11, 22, 11, 11, 11, 11, 22, 11, 11, 11, -...   
11  [11, 11, 11, 11, 11, 11, 11, -11, 22, 11, 11, ...   
12  [11, 22, 11, 11, 11, 11, 11, 11, 11, 22, -11, ...   
13  [11, 11, 22, 11, 22, 11, 11, 22, 11, 11, 11, 1...   
14  [11, 11, 22, 11, 11, 11, 11, 11, 11, 11, -11, ...   
15  [11, 11, 11, 11, -11, 22, 11, -11, 22, 11, 11,...   
16  [11, 11, 11, 11, 11, 11, 11, 11, 11, 11, 22, 1...   
17  [11, 22, 11, 11, 11, 11, 11, 11, 11, -11, -11,...   
18  [11, 11, 11, 11, 11, 11, 11, 11, 11, 22, 11, 2...   
19  [11, 11, 11, 22, 11, 11, 11, 22, 11, 22, 11, -...   
20  [11, 22, 11, 11, 11, 11, 11, 11, 11, 11, -11, ...   
21  [11, 22, 11, 11, 22, 11, 11, 22, 11, 22, 11, -...   
22  [11, 11, 11, 11, 11, 11, 11, 11, 22, 11, 11, 1...   
23  [11, 11, 11, 11, 11, 11, 11, -11, 22, 11, 11, ...   
24  [11, 11, 22, 11, 22, 11, 11, 11, 11, 11, 11, 2...   
25  [11, 11, 11, 11, 11, 11, 11, -11, 22, 11, 11, ...   
26  [11, 11, 22, 11, 22, 11, -11, -11, 22, 11, 11,...   
27  [11, 22, 11, 11, 22, 11, 11, 22, 11, 22, 11, 1...   
28  [11, 11, 11, 22, 11, 11, 11, 22, 11, 22, 11, 1...   
29  [11, 11, 11, 11, 22, 11, 11, 11, 11, 11, 11, 1...   
30  [11, 11, 11, 11, 22, 11, 11, 22, 11, 11, 11, 1...   
31  [11, 22, 11, 11, 11, 11, 11, 11, 11, 11, 11, 2...   
32  [11, 11, 11, 11, 11, 11, 22, 11, 11, 22, 11, -...   
33  [11, 22, 11, 11, 11, 11, 11, 11, 11, 11, 11, 1...   
34  [11, 11, 11, 22, 11, 11, 22, 11, 11, 22, 11, 2...   
35  [11, 11, 11, 22, 11, 11, 11, 11, 11, 11, 11, 1...   
36  [11, 11, 22, 11, 11, 22, 22, 11, 22, 11, 11, -...   
37  [22, 11, 11, 11, 22, 11, 11, 22, 11, 11, -11, ...   
38  [11, 11, 11, 11, 11, 11, 11, 11, 11, -11, -11,...   
39  [11, 11, 11, 11, 11, 11, 11, -11, 22, 11, 11, ...   
40  [11, 11, 11, 11, 11, 11, 11, 11, 11, 11, 11, 2...   
41  [11, 11, 11, 22, 11, 11, 11, 11, 11, -11, 22, ...   
42  [11, 11, 11, 11, 11, 11, 22, 11, 22, 11, 11, 1...   
43  [22, 11, 11, 22, 11, 11, 11, 11, 22, 11, 22, 1...   
44  [11, 11, 22, 11, 11, 22, 11, 11, 22, 11, 11, 1...   
45  [11, 22, 11, 11, 22, 11, 11, 11, -11, -11, 22,...   
46  [11, 11, 11, 11, 11, 11, 11, 11, 11, 11, 11, 1...   
47  [11, 11, 11, 11, 11, 11, 11, 11, 11, 11, 11, 1...   
48  [11, 11, 11, 11, 22, 11, 11, 22, 11, 22, 11, -...   
49  [11, 11, 11, 22, 11, 22, 11, 11, 11, 11, 11, -...   
50  [11, 11, 11, 11, 11, 22, 11, 11, 11, 11, 11, 1...   
51  [11, 22, 11, 11, 11, 11, 11, 11, 11, 11, 22, 1...   
52  [11, 11, 11, 11, 11, 22, 11, 11, 11, 11, 11, -...   
53  [11, -11, 11, 11, 11, 11, 22, 11, 11, 11, 11, ...   
54  [11, 11, 11, 22, 11, -11, 22, 11, 22, 11, 11, ...   
55  [22, 11, 11, 11, 22, 11, 11, 22, 11, 22, 11, 2...   
56  [11, 11, 22, 11, -11, -11, 11, 22, 11, 11, -11...   
57  [11, 11, 11, 11, 11, 11, 11, 11, 11, -11, -11,...   
58  [11, 22, 11, 22, 11, 11, -11, 11, 11, -11, -11...   
59  [11, 11, 11, 11, 11, 11, 11, -11, -11, -11, 22...   
60  [22, 11, 11, 22, 11, 11, 11, 11, 11, 11, 11, 1...   
61  [11, 11, 11, 22, 11, 22, 11, 11, 11, 11, 11, 1...   
62  [22, 11, 11, 11, 11, 11, 11, 22, 11, 11, -11, ...   
63  [11, 22, 11, 11, 11, 11, 11, 11, 11, 11, 11, -...   
64  [11, 11, 11, 11, 22, 11, 22, 11, 11, 11, -11, ...   
65  [11, 22, 11, 11, -11, -11, -11, -11, 22, 11, 1...   
66  [11, 22, 11, 11, 22, 11, 22, 11, 22, 11, 11, -...   
67  [11, 11, 22, 11, 11, 11, 22, 11, 22, 11, -11, ...   
68  [11, 11, 22, 11, -11, 22, 11, 11, 11, -11, 22,...   
69  [11, 22, 11, 22, 11, 22, 11, 11, -11, -11, 22,...   
70  [22, 11, 11, 11, 22, 11, 11, 11, 11, 22, 11, 1...   
71  [11, 11, 11, 22, 11, 22, 11, 11, 11, 11, -11, ...   
72  [11, 11, 11, 11, 11, 11, 11, 11, -11, 22, 11, ...   
73  [11, 11, 11, 22, 11, 22, 11, -11, 11, 11, 11, ...   
74  [11, 11, 11, 11, 11, 11, -11, 11, -11, -11, -1...   
75  [11, 11, 22, 11, 11, 11, 11, 22, 11, 11, 22, 1...   
76  [11, 11, 11, 11, 22, 11, 11, 11, 11, -11, 22, ...   
77  [11, 11, 11, 11, 11, 11, 22, 11, 11, 11, 22, -...   
78  [11, 11, 11, 11, 11, 11, 22, 11, 11, -11, -11,...   
79  [11, 11, 11, 11, 11, 11, 22, 11, 11, -11, 22, ...   
80  [11, 11, 11, 11, 11, -11, -11, -11, 11, -11, 2...   
81  [11, 11, 11, 11, 11, 11, 11, 11, 11, 11, 11, 1...   
82  [11, 11, 11, 11, 11, 11, 11, 11, 11, 11, 22, 1...   
83  [11, 11, 11, 11, 11, -11, 11, 11, 11, 11, 11, ...   
84  [22, 11, 11, 11, 22, 11, 11, 11, 11, 11, 11, 1...   
85  [11, 11, 11, 22, 11, 11, 11, 22, 11, 11, 11, 1...   
86  [11, 22, 11, 11, 22, 11, 11, 11, -11, -11, -11...   
87  [11, 11, 11, 22, 11, -11, -11, -11, -11, 11, 1...   
88  [11, 22, 11, 11, 11, 22, 11, 11, -11, 11, 11, ...   
89  [11, 22, 11, 11, 11, 11, 22, 11, 11, 22, 11, 1...   
90  [11, 22, 11, 22, 11, 22, 11, 11, -11, -11, 11,...   
91  [11, 22, 11, 11, 11, 11, 11, 11, 11, 22, 11, 1...   
92  [11, 11, 22, 11, 11, 11, -11, 22, 11, 22, 11, ...   
93  [11, 11, 11, 22, 11, 11, 11, 11, 11, 11, -11, ...   
94  [11, 11, 11, 11, 11, 11, 11, 11, 22, 11, -11, ...   
95  [11, 11, 11, 11, 11, 22, 11, 11, 11, 11, 11, 2...   
96  [11, 11, 11, 11, 11, 11, 22, 11, 11, 11, 11, 2...   
97  [11, 22, 11, 11, 11, -11, 22, 11, -11, 22, 11,...   
98  [11, 11, 11, 22, 11, 11, 22, 11, 11, -11, -11,...   
99  [11, 11, 11, 11, 11, 22, 11, 11, 11, 11, 11, -...   

                                 AssociatedMCParticle  \
0   [2, 3, -2, -2, 63, -2, 75, -2, -2, 88, -2, 89,...   
1   [0, -2, -2, -2, -2, -2, -2, -2, 15, -2, -2, -2...   
2   [0, -2, 5, -2, -2, -2, -2, -2, 8, 12, -2, -2, ...   
3   [0, -2, -2, -2, 10, 13, -2, -2, -2, -2, -2, 16...   
4   [0, -2, -2, -2, 9, -2, -2, 11, -2, -2, -2, -2,...   
5   [0, -2, -2, -2, -2, -2, -2, 8, -2, -2, -2, -2,...   
6   [2, -2, -2, -2, -2, -2, -2, -2, -2, -2, -2, -2...   
7   [7, -2, -2, -2, -2, -2, -2, 10, -2, 12, -2, -2...   
8   [0, -2, -2, -2, -2, -2, -2, 17, 19, -2, -2, -2...   
9   [2, -2, 14, 17, -2, -2, -2, -2, 19, 21, 22, -2...   
10  [-2, -2, -2, -2, 8, -2, -2, -2, -2, 15, -2, -2...   
11  [-2, -2, 9, -2, -2, -2, -2, -2, -2, -2, -2, 27...   
12  [-2, -2, -2, -2, 16, -2, -2, -2, 25, -2, -2, -...   
13  [0, -2, -2, -2, -2, -2, -2, -2, -2, -2, -2, -2...   
14  [0, 2, -2, -2, -2, -2, 18, -2, 25, -2, -2, 29,...   
15  [0, 4, -2, -2, 25, -2, -2, 26, -2, -2, -2, -2,...   
16  [0, 2, -2, 4, -2, 9, -2, 11, 14, -2, -2, -2, -...   
17  [0, -2, -2, 10, -2, 15, 17, -2, 19, 24, 25, -2...   
18  [0, -2, 4, 6, 8, -2, -2, -2, 14, -2, -2, -2, -...   
19  [0, -2, -2, -2, -2, -2, -2, -2, -2, -2, -2, -2...   
20  [-2, -2, -2, -2, 8, -2, 10, -2, -2, 13, 15, 16...   
21  [0, -2, -2, 11, -2, -2, -2, -2, -2, -2, -2, -2...   
22  [0, -2, -2, 6, -2, -2, 11, 13, -2, -2, -2, -2,...   
23  [0, -2, -2, -2, -2, -2, 22, -2, -2, -2, -2, -2...   
24  [0, -2, -2, -2, -2, -2, -2, -2, -2, -2, 20, -2...   
25  [0, 2, 6, -2, -2, 11, -2, 23, -2, -2, -2, -2, ...   
26  [0, 17, -2, -2, -2, -2, -2, -2, -2, -2, -2, -2...   
27  [0, -2, -2, -2, -2, -2, -2, -2, -2, -2, -2, -2...   
28  [0, -2, -2, -2, -2, 7, -2, -2, -2, -2, -2, -2,...   
29  [0, -2, -2, -2, -2, -2, -2, -2, 16, -2, -2, -2...   
30  [0, -2, -2, -2, -2, -2, -2, -2, -2, -2, -2, 21...   
31  [0, -2, -2, -2, -2, -2, -2, -2, -2, -2, -2, -2...   
32  [0, -2, -2, -2, 10, -2, -2, -2, -2, -2, -2, -2...   
33  [0, -2, -2, 6, -2, -2, -2, -2, 11, -2, -2, -2,...   
34  [0, 3, 3, -2, -2, -2, -2, -2, -2, -2, -2, -2, ...   
35  [-2, -2, -2, -2, -2, -2, -2, 7, -2, -2, -2, 9,...   
36  [-2, -2, -2, -2, -2, -2, -2, -2, -2, -2, 28, 3...   
37  [-2, -2, 9, -2, -2, -2, -2, -2, -2, 20, -2, -2...   
38  [-2, -2, -2, 15, -2, -2, -2, 20, -2, -2, -2, -...   
39  [0, 5, 12, 14, -2, -2, -2, 21, -2, -2, 23, 25,...   
40  [-2, -2, -2, 2, 4, -2, 8, -2, 12, -2, -2, -2, ...   
41  [0, -2, 12, -2, -2, -2, -2, -2, 16, 17, -2, -2...   
42  [0, -2, -2, -2, -2, -2, -2, -2, -2, -2, 17, -2...   
43  [-2, -2, -2, -2, -2, 3, -2, 6, -2, -2, -2, -2,...   
44  [6, -2, -2, -2, -2, -2, -2, -2, -2, -2, 21, -2...   
45  [-2, -2, -2, -2, -2, -2, -2, 21, -2, -2, -2, -...   
46  [0, -2, -2, -2, -2, -2, -2, 14, 16, -2, -2, 24...   
47  [4, -2, -2, -2, 8, 10, -2, 15, -2, 17, -2, 20,...   
48  [-2, -2, -2, -2, -2, -2, -2, -2, -2, -2, -2, -...   
49  [0, 5, -2, -2, -2, -2, -2, -2, -2, -2, -2, -2,...   
50  [0, -2, -2, -2, -2, -2, -2, -2, 4, -2, -2, -2,...   
51  [0, -2, -2, 6, -2, 14, -2, -2, -2, -2, -2, -2,...   
52  [0, 3, 5, 14, -2, -2, -2, -2, 19, -2, 22, -2, ...   
53  [0, -2, -2, -2, -2, -2, -2, -2, -2, -2, -2, -2...   
54  [2, 7, 9, -2, -2, -2, -2, -2, -2, -2, -2, -2, ...   
55  [-2, -2, -2, -2, -2, -2, -2, -2, -2, -2, -2, -...   
56  [0, -2, -2, -2, -2, -2, -2, -2, -2, 22, 23, -2...   
57  [0, -2, -2, -2, -2, -2, 16, -2, 18, -2, -2, -2...   
58  [18, -2, -2, -2, -2, 20, 26, -2, -2, 32, -2, -...   
59  [2, -2, -2, -2, -2, 16, 20, 21, -2, -2, -2, -2...   
60  [-2, -2, -2, -2, -2, -2, -2, 6, 6, 6, -2, -2, ...   
61  [0, -2, 8, -2, -2, -2, -2, -2, -2, -2, -2, -2,...   
62  [-2, 4, -2, -2, -2, -2, -2, -2, -2, 24, 27, -2...   
63  [0, -2, -2, -2, -2, -2, -2, 11, -2, -2, 15, -2...   
64  [0, -2, -2, -2, -2, -2, -2, -2, -2, -2, -2, -2...   
65  [0, -2, -2, -2, -2, 25, -2, 26, -2, -2, -2, -2...   
66  [0, -2, -2, -2, -2, -2, -2, -2, -2, -2, -2, -2...   
67  [-2, -2, -2, -2, -2, -2, -2, -2, -2, -2, -2, 2...   
68  [0, -2, -2, -2, -2, -2, -2, -2, -2, -2, -2, -2...   
69  [0, -2, -2, -2, -2, -2, -2, -2, -2, -2, -2, -2...   
70  [-2, -2, -2, -2, -2, -2, 9, -2, -2, -2, -2, -2...   
71  [0, -2, -2, -2, -2, -2, -2, -2, -2, -2, -2, -2...   
72  [0, 6, -2, -2, 8, -2, -2, 10, -2, -2, -2, -2, ...   
73  [0, -2, 12, -2, -2, -2, -2, -2, 31, -2, -2, -2...   
74  [-2, -2, -2, -2, 13, -2, -2, 38, 40, -2, -2, -...   
75  [0, -2, -2, -2, 4, -2, 8, -2, -2, 15, -2, -2, ...   
76  [0, -2, 2, 5, -2, -2, 15, -2, -2, -2, -2, -2, ...   
77  [-2, -2, -2, -2, -2, -2, -2, -2, -2, -2, -2, 2...   
78  [0, -2, -2, -2, -2, 13, -2, -2, -2, -2, -2, -2...   
79  [0, -2, -2, 9, -2, -2, -2, -2, -2, -2, -2, -2,...   
80  [0, -2, -2, -2, -2, -2, -2, 22, -2, -2, -2, -2...   
81  [-2, -2, -2, -2, -2, -2, -2, 6, -2, 10, -2, -2...   
82  [-2, 5, -2, -2, 11, 14, -2, -2, -2, -2, -2, -2...   
83  [-2, -2, -2, -2, -2, 13, 18, -2, -2, -2, -2, -...   
84  [-2, -2, -2, -2, -2, -2, 5, -2, -2, 11, 13, -2...   
85  [0, 4, 6, -2, -2, -2, -2, -2, -2, 12, -2, -2, ...   
86  [0, -2, -2, -2, -2, -2, 12, -2, -2, -2, -2, -2...   
87  [9, -2, -2, -2, -2, -2, -2, -2, 24, -2, -2, -2...   
88  [0, -2, -2, 15, -2, -2, -2, -2, -2, -2, -2, 23...   
89  [-2, -2, -2, -2, -2, -2, -2, -2, -2, -2, -2, -...   
90  [0, -2, -2, -2, -2, -2, -2, -2, -2, -2, -2, -2...   
91  [2, -2, -2, -2, -2, -2, -2, 9, -2, -2, -2, -2,...   
92  [0, -2, -2, -2, -2, 21, 25, -2, -2, -2, -2, -2...   
93  [0, 5, -2, -2, -2, -2, -2, 10, -2, -2, 12, -2,...   
94  [0, -2, 4, -2, -2, -2, -2, -2, -2, -2, 23, -2,...   
95  [0, -2, -2, -2, 4, -2, -2, 18, 18, -2, 20, -2,...   
96  [0, -2, -2, -2, -2, -2, -2, -2, -2, -2, -2, -2...   
97  [2, -2, -2, 7, 17, 25, -2, -2, 32, -2, -2, -2,...   
98  [-2, -2, -2, -2, -2, 16, -2, -2, 24, -2, -2, -...   
99  [0, -2, -2, 4, -2, -2, -2, -2, -2, -2, -2, 31,...   

                                                ELoss  
0   [0.0009459941647946835, 0.001586344325914979, ...  
1   [0.000845930480863899, 0.0006233802996575832, ...  
2   [0.00114610290620476, 0.0009993307758122683, 0...  
3   [0.0008116117096506059, 0.0013119225623086095,...  
4   [0.0013131041778251529, 0.001143475528806448, ...  
5   [0.0008825947879813612, 0.0008496026275679469,...  
6   [0.000997378258034587, 0.0009787934832274914, ...  
7   [0.0010085440007969737, 0.004003584384918213, ...  
8   [0.0010599035304039717, 0.0012273576576262712,...  
9   [0.001022281707264483, 0.0008316307212226093, ...  
10  [0.0016564152901992202, 0.0006083518965169787,...  
11  [0.0008284348296001554, 0.0009386269375681877,...  
12  [0.00015540891035925597, 0.0003674550680443644...  
13  [0.0008147488115355372, 0.0004793274565599859,...  
14  [0.0008764438098296523, 0.0007982395472936332,...  
15  [0.0008200590964406729, 0.0009187109535560012,...  
16  [0.0004008811083622277, 0.0008841136586852372,...  
17  [0.0009689863072708249, 1.7284135012118895e-08...  
18  [0.004073376301676035, 0.0019135259790346026, ...  
19  [0.0008937816019169986, 0.0014814864844083786,...  
20  [0.002575367921963334, 0.00047579334932379425,...  
21  [0.0010206240694969893, 0.0008226890349760652,...  
22  [0.0008945642039179802, 0.0016747135668992996,...  
23  [0.0009723061812110245, 0.0006525714998133481,...  
24  [0.0009847193723544478, 0.0008398755453526974,...  
25  [0.0008872281177900732, 0.0008565016905777156,...  
26  [0.0008190212538465858, 0.000794329505879432, ...  
27  [0.0013352136593312025, 0.00023650458024349064...  
28  [0.0008073854842223227, 0.0010589672019705176,...  
29  [0.0010958771454170346, 0.0010652013588696718,...  
30  [0.0009659538045525551, 0.0004433049471117556,...  
31  [0.0007772514945827425, 4.0484999885848083e-07...  
32  [0.0008700164617039263, 0.0006667121779173613,...  
33  [0.0009598759934306145, 0.0005351660074666142,...  
34  [0.0009569715475663543, 0.0010385550558567047,...  
35  [0.0027245264500379562, 0.0012812453787773848,...  
36  [0.00037895876448601484, 0.0003042322350665927...  
37  [0.0004207234305795282, 0.0007512743468396366,...  
38  [0.0022249072790145874, 0.0010536181507632136,...  
39  [0.001534279785118997, 0.0010287873446941376, ...  
40  [0.001376591855660081, 0.0025203058030456305, ...  
41  [0.0008150120847858489, 0.0002959835692308843,...  
42  [0.0009741937974467874, 0.0021995960269123316,...  
43  [4.0484999885848083e-07, 0.0011342143407091498...  
44  [0.0011868568835780025, 0.0007747755153104663,...  
45  [0.0025866245850920677, 1.7284135012118895e-08...  
46  [0.0010462210047990084, 0.0008473739726468921,...  
47  [0.001167348469607532, 0.0009143041679635644, ...  
48  [0.0009557373123243451, 0.0010919716442003846,...  
49  [0.001057114452123642, 0.0009273670730181038, ...  
50  [0.001230742083862424, 0.0013664999278262258, ...  
51  [0.0010088677518069744, 4.0484999885848083e-07...  
52  [0.0009429498459212482, 0.0011368831619620323,...  
53  [0.0009830569615587592, 0.0007554776966571808,...  
54  [0.000880138948559761, 0.000915784330572933, 0...  
55  [0.00026774813886731863, 0.005127318669110537,...  
56  [0.0008309829863719642, 0.0026612048968672752,...  
57  [0.001015195739455521, 0.005139689892530441, 0...  
58  [0.0016431801486760378, 0.000287941686110571, ...  
59  [0.0010284658055752516, 0.001017244765534997, ...  
60  [0.0008054008358158171, 0.0005157876876182854,...  
61  [0.0008565382449887693, 0.0010458476608619094,...  
62  [1.7284135012118895e-08, 0.0010153502225875854...  
63  [0.0011887734290212393, 0.0004883725196123123,...  
64  [0.0010387832298874855, 0.0008861224050633609,...  
65  [0.0010433468269184232, 0.0007877771859057248,...  
66  [0.0012661265209317207, 0.00030918564880266786...  
67  [0.0012530749663710594, 0.0006831975188106298,...  
68  [0.0007799985469318926, 0.0011521934065967798,...  
69  [0.0009496547863818705, 0.0005894411006011069,...  
70  [0.000289485469693318, 0.001144745503552258, 0...  
71  [0.0007819510065019131, 0.0024694728199392557,...  
72  [0.0009624404483474791, 0.0008570922072976828,...  
73  [0.0008396696066483855, 0.001233804738149047, ...  
74  [0.0010316807311028242, 0.0053494395688176155,...  
75  [0.00093316804850474, 0.005027770530432463, 1....  
76  [0.0009180672350339592, 0.0005588909843936563,...  
77  [0.0011534065706655383, 0.0011403086828067899,...  
78  [0.0007814070559106767, 0.0011816228507086635,...  
79  [0.0009808670729398727, 0.0009010314824990928,...  
80  [0.0010457540629431605, 0.0008011201862245798,...  
81  [0.006370751652866602, 0.0004545429546851665, ...  
82  [0.0011034244671463966, 0.0010422610212117434,...  
83  [0.0010690729832276702, 0.0010381017345935106,...  
84  [0.0004209165053907782, 0.0010042416397482157,...  
85  [0.0008709509274922311, 0.0011973559157922864,...  
86  [0.0008745401864871383, 5.372800160330371e-07,...  
87  [0.0012784571154043078, 0.0011202943278476596,...  
88  [0.0010283644078299403, 1.7284135012118895e-08...  
89  [0.0026840409263968468, 0.0007250875933095813,...  
90  [0.0009606260573491454, 0.0008941892883740366,...  
91  [0.0021031973883509636, 0.0006725977291353047,...  
92  [0.000897162826731801, 0.0008897063671611249, ...  
93  [0.0009762170957401395, 0.001704583177343011, ...  
94  [0.0007946919649839401, 0.0011398820206522942,...  
95  [0.0009649273124523461, 0.0009004123858176172,...  
96  [0.0011037745280191302, 0.000695646449457854, ...  
97  [0.001002543605864048, 4.0484999885848083e-07,...  
98  [0.0009573599672876298, 0.0013914781156927347,...  
99  [0.00121421052608639, 0.0020293835550546646, 0...  
