Filename:                                                    PX  \
0   [-15.049567222595215, -0.035274676978588104, -...   
1   [-30.08974266052246, -0.01498054713010788, -0....   
2   [-31.76243782043457, -0.16974343359470367, -0....   
3   [-0.3831084668636322, -0.006029096897691488, -...   
4   [23.43988037109375, 0.016739649698138237, 0.01...   
5   [-1.4636034965515137, -0.000282633351162076, 0...   
6   [4.5495991706848145, 0.013765466399490833, 0.0...   
7   [-4.23360538482666, 0.0007094010361470282, 0.0...   
8   [18.164730072021484, 0.0033130168449133635, 0....   
9   [5.266726970672607, 0.018197521567344666, 0.00...   
10  [45.24938201904297, 0.061247970908880234, 0.02...   
11  [12.244763374328613, 0.013384959660470486, 0.0...   
12  [7.632655620574951, 0.007694763131439686, 0.00...   
13  [-2.132427930831909, -0.0010273093357682228, -...   
14  [-14.199223518371582, -0.1284664273262024, -0....   
15  [4.7868781089782715, 0.007537165191024542, 0.0...   
16  [26.214189529418945, 0.040523283183574677, 0.0...   
17  [43.051475524902344, 0.018444567918777466, 0.0...   
18  [-15.175304412841797, -0.018903547897934914, -...   
19  [13.515084266662598, 0.01579306274652481, 0.00...   
20  [40.17737579345703, 0.1748722344636917, 0.1192...   
21  [32.81948471069336, 0.01649094931781292, 0.015...   
22  [-36.363037109375, -0.022000230848789215, -0.0...   
23  [-24.533769607543945, -0.008890452794730663, -...   
24  [0.808286190032959, 0.004189932253211737, 0.00...   
25  [7.101772308349609, 0.03374377265572548, 0.007...   
26  [-54.776309967041016, -0.12368231266736984, -0...   
27  [-18.118465423583984, -0.06554053723812103, -0...   
28  [34.485538482666016, 0.02017664723098278, 0.57...   
29  [50.430885314941406, 0.5923625230789185, 0.271...   
30  [-37.31267547607422, -0.059700340032577515, -0...   
31  [5.337715148925781, 0.021431906148791313, 0.00...   
32  [-3.9195477962493896, -0.07011017203330994, -0...   
33  [-26.435834884643555, -0.0007182683330029249, ...   
34  [-30.529884338378906, -0.02088833600282669, -0...   
35  [-1.33187997341156, -0.008351619355380535, -0....   
36  [-24.15032196044922, -0.041692860424518585, -0...   
37  [18.240785598754883, 0.017684578895568848, 0.0...   
38  [-2.2859489917755127, 0.003915516193956137, 0....   
39  [36.540523529052734, 0.008389042690396309, 0.0...   
40  [14.591045379638672, 0.0244512390345335, 0.011...   
41  [24.8861141204834, 0.051766104996204376, 0.022...   
42  [-19.388193130493164, -0.00429895194247365, -0...   
43  [-11.84521770477295, -0.0031099512707442045, -...   
44  [4.76635217666626, 0.002841225592419505, 0.005...   
45  [-1.2067482471466064, 0.009473596699535847, -0...   
46  [13.425980567932129, 0.021402547135949135, 0.0...   
47  [1.5032902956008911, -0.004038956947624683, -0...   
48  [9.56667709350586, 0.010296749882400036, 0.010...   
49  [17.736230850219727, 0.004351245239377022, 0.0...   
50  [-1.4729121923446655, 0.004833527375012636, 0....   
51  [-20.27292823791504, -0.014740382321178913, -0...   
52  [17.739179611206055, 0.010276873596012592, 0.1...   
53  [0.5342721343040466, -0.0005882885307073593, 3...   
54  [5.226532459259033, 0.010710456408560276, 0.00...   
55  [-4.194924354553223, -0.0060869683511555195, -...   
56  [3.2171032428741455, 0.0046755848452448845, 0....   
57  [-4.419216632843018, -0.008809676393866539, -0...   
58  [2.0057871341705322, 0.028033118695020676, 0.0...   
59  [17.652368545532227, 0.051222063601017, 0.0397...   
60  [49.105308532714844, 0.029885703697800636, 0.0...   
61  [-31.061458587646484, -0.03690708801150322, -0...   
62  [16.530353546142578, 0.07583864033222198, 0.04...   
63  [-2.2063894271850586, 0.0022090973798185587, 0...   
64  [-3.0082576274871826, -0.0019160317024216056, ...   
65  [14.8323335647583, 0.005741163156926632, 0.054...   
66  [26.359935760498047, 0.013415723107755184, 0.0...   
67  [-19.077131271362305, -0.012336528860032558, -...   
68  [-20.945213317871094, -0.09121948480606079, -0...   
69  [3.9375290870666504, 0.003703850554302335, 0.0...   
70  [-39.558746337890625, -0.02158423326909542, -0...   
71  [4.210041046142578, 0.0005033233901485801, -0....   
72  [34.962100982666016, 0.029039977118372917, 0.0...   
73  [-31.520811080932617, -0.01413614023476839, -0...   
74  [-0.044566329568624496, 0.03201134875416756, 0...   
75  [19.263551712036133, 0.009333892725408077, 0.0...   
76  [-11.197867393493652, -0.033859945833683014, -...   
77  [-35.858158111572266, -0.23832090198993683, -0...   
78  [-3.6072847843170166, -0.005594608373939991, 0...   
79  [11.611427307128906, -0.005974786356091499, 0....   
80  [18.44558334350586, 0.014653068035840988, 0.01...   
81  [10.222367286682129, 0.004951750859618187, 0.0...   
82  [8.396484375, 0.005170322488993406, 0.00405035...   
83  [13.1453857421875, 0.012003672309219837, 0.010...   
84  [-20.366743087768555, -0.03282446041703224, -0...   
85  [-59.57682800292969, -0.4129086136817932, -0.0...   
86  [14.434442520141602, 0.06055508181452751, 0.04...   
87  [-0.2270960956811905, 0.0002997030096594244, 0...   
88  [2.5191781520843506, 0.007049280218780041, 0.0...   
89  [-6.280264377593994, -0.00358117138966918, -0....   
90  [19.07332420349121, 0.03711283579468727, 0.009...   
91  [0.04977830871939659, -0.0019981663208454847, ...   
92  [-14.280390739440918, -0.0133225591853261, -0....   
93  [-5.282451152801514, -0.0025490743573755026, -...   
94  [-0.6049392819404602, -0.0006458036950789392, ...   
95  [26.068389892578125, 0.012766980566084385, 0.0...   
96  [-12.652572631835938, -0.02093142829835415, -0...   
97  [0.721297025680542, 0.01571962609887123, 0.009...   
98  [-13.669387817382812, -0.020325345918536186, -...   
99  [-23.004207611083984, -0.011593303643167019, -...   

                                                   PY  \
0   [20.91550636291504, 0.02611188217997551, 0.017...   
1   [-34.88258743286133, -0.0022826006170362234, -...   
2   [-27.301677703857422, -0.13386006653308868, -0...   
3   [14.512124061584473, 0.01864137500524521, 0.00...   
4   [-3.804142475128174, -0.0060854461044073105, -...   
5   [1.796222448348999, 0.0036814589984714985, -0....   
6   [-34.283531188964844, -0.1240243911743164, -0....   
7   [-5.657437324523926, -0.0017379597993567586, -...   
8   [-3.1288328170776367, -0.013380015268921852, -...   
9   [2.432624101638794, -0.006419196724891663, -0....   
10  [16.459421157836914, 0.01242732908576727, 0.00...   
11  [25.529979705810547, 0.02811882458627224, 0.01...   
12  [18.889801025390625, 0.022284600883722305, 0.0...   
13  [-1.4587281942367554, -0.00482608936727047, -0...   
14  [-2.6471686363220215, -0.03702826052904129, -0...   
15  [-24.61658477783203, 0.006533592939376831, 0.0...   
16  [-12.861090660095215, -0.0203483235090971, -0....   
17  [-7.848730564117432, -0.0024774654302746058, -...   
18  [-3.1058878898620605, 0.004577727522701025, 0....   
19  [22.49416160583496, 0.009151692502200603, -0.0...   
20  [-25.383365631103516, -0.0982530489563942, -0....   
21  [-3.026751756668091, 0.00321764568798244, -0.0...   
22  [-5.78562593460083, -0.008948046714067459, -0....   
23  [-0.6335054636001587, 0.000817087187897414, 0....   
24  [5.518594264984131, -0.007795409765094519, -0....   
25  [1.838723063468933, 0.0035647402983158827, 0.0...   
26  [23.5545654296875, 0.04651178792119026, 0.0087...   
27  [-6.541784763336182, -0.022346284240484238, -0...   
28  [23.757539749145508, 0.012828475795686245, 0.4...   
29  [6.643260955810547, 0.07898285984992981, 0.035...   
30  [8.064431190490723, -0.002050750656053424, 0.0...   
31  [40.584964752197266, 0.1171228289604187, 0.017...   
32  [-20.689029693603516, -0.33186373114585876, -0...   
33  [-43.652931213378906, -0.020047349855303764, -...   
34  [-28.985271453857422, -0.018566973507404327, -...   
35  [-4.347896099090576, -0.003752264194190502, -0...   
36  [35.23476791381836, 0.0440521277487278, 0.0276...   
37  [-10.122036933898926, -0.019756540656089783, -...   
38  [-2.8849477767944336, -0.0037724804133176804, ...   
39  [-42.96602249145508, -0.017600828781723976, -0...   
40  [4.946478366851807, 0.002688003471121192, 0.00...   
41  [19.45844078063965, 0.035049889236688614, 0.01...   
42  [53.94697952270508, 0.05971594154834747, 0.046...   
43  [11.951187133789062, 0.008288581855595112, 0.0...   
44  [41.51212692260742, 0.008885784074664116, 0.03...   
45  [-8.920072555541992, -0.0011509241303429008, -...   
46  [8.879838943481445, 0.02292272076010704, 0.022...   
47  [-6.9958343505859375, -0.010580760426819324, -...   
48  [-8.64668083190918, -0.0022404382470995188, -0...   
49  [-38.68789291381836, -0.014614162966609001, -0...   
50  [-2.6168694496154785, -0.009245009161531925, -...   
51  [27.627647399902344, 0.012166395783424377, 0.0...   
52  [40.594905853271484, -0.0003528669767547399, 0...   
53  [-26.461318969726562, -0.0023983530700206757, ...   
54  [-52.93864440917969, -0.033985063433647156, -0...   
55  [-3.332719326019287, -0.006232648156583309, -0...   
56  [-32.06410598754883, -0.04560423642396927, -0....   
57  [8.797286987304688, 0.021627934649586678, 0.18...   
58  [2.04665470123291, -0.010867171920835972, -0.0...   
59  [9.053494453430176, 0.022745808586478233, 0.01...   
60  [-0.7301719784736633, -0.004752305801957846, -...   
61  [0.7002177834510803, -0.023794762790203094, -0...   
62  [23.997333526611328, 0.12144602835178375, 0.07...   
63  [10.159836769104004, -0.0010165851563215256, -...   
64  [-5.657738208770752, -0.008519573137164116, -0...   
65  [8.475081443786621, 0.004134758375585079, 0.03...   
66  [-14.594829559326172, -0.010921675711870193, -...   
67  [-19.25601577758789, -0.013773703016340733, -0...   
68  [10.490093231201172, 0.047756314277648926, 0.0...   
69  [2.3552565574645996, 0.00231145485304296, 0.00...   
70  [6.955258846282959, -0.0012622384820133448, -0...   
71  [0.8922150731086731, 0.004713216796517372, 0.0...   
72  [20.464006423950195, 0.010009175166487694, 0.0...   
73  [20.26099395751953, 0.019991416484117508, 0.02...   
74  [-1.9093248844146729, 0.00924579706043005, -0....   
75  [-27.12408447265625, -0.0035051489248871803, -...   
76  [22.77914047241211, 0.04631335660815239, 0.020...   
77  [7.033799648284912, 0.038643185049295425, 0.01...   
78  [-1.9683829545974731, 0.004983576945960522, -0...   
79  [-33.382102966308594, -0.016991030424833298, -...   
80  [21.53350257873535, 0.015569242648780346, 0.00...   
81  [48.4825325012207, 0.07377883791923523, 0.0533...   
82  [-14.06030559539795, -0.023928740993142128, -0...   
83  [-34.97819519042969, -0.02996780537068844, -0....   
84  [-8.64357852935791, -0.01615048199892044, -0.0...   
85  [7.198244094848633, 0.0398617759346962, 0.0026...   
86  [-29.2331600189209, -0.1485752910375595, -0.10...   
87  [12.952719688415527, 0.012996555306017399, 0.0...   
88  [32.5736083984375, 0.046516429632902145, 0.036...   
89  [11.979814529418945, 0.006734647788107395, 0.6...   
90  [20.731609344482422, 0.01409764401614666, 0.00...   
91  [0.07574187964200974, 0.00981600396335125, 0.0...   
92  [29.210195541381836, 0.03353069722652435, 0.02...   
93  [-5.51367712020874, -0.012801031582057476, -0....   
94  [-0.9512636661529541, -0.008545749820768833, -...   
95  [-15.652342796325684, -0.002115366281941533, -...   
96  [30.98165512084961, 0.01829235441982746, 0.018...   
97  [-4.332522392272949, -0.025747306644916534, -0...   
98  [-23.90473175048828, -0.02676703967154026, -0....   
99  [6.941521167755127, 0.0008091325871646404, 0.0...   

                                                   PZ  \
0   [387.3383483886719, 0.5810452699661255, 0.3822...   
1   [350.4512023925781, 0.1216895654797554, 0.1070...   
2   [391.6761169433594, 2.127260208129883, 0.47555...   
3   [392.4781494140625, 0.5387849807739258, 0.2389...   
4   [396.4361877441406, 0.14922824501991272, 0.132...   
5   [203.35379028320312, 0.16475005447864532, 0.20...   
6   [199.05357360839844, 0.5357978343963623, 0.169...   
7   [275.694091796875, 0.13998596370220184, 0.1507...   
8   [288.3216552734375, 0.2814105749130249, 0.2720...   
9   [307.1436462402344, 0.7559745907783508, 0.4045...   
10  [285.85174560546875, 0.3341419994831085, 0.119...   
11  [310.7867736816406, 0.32339829206466675, 0.219...   
12  [308.16357421875, 0.2820003926753998, 0.330288...   
13  [324.4423828125, 0.20890702307224274, 0.103420...   
14  [397.6287536621094, 3.429530143737793, 3.13872...   
15  [398.3887023925781, 0.23017671704292297, 0.140...   
16  [231.68988037109375, 0.21940851211547852, 0.12...   
17  [326.5231628417969, 0.2222311645746231, 0.1642...   
18  [384.0686950683594, 0.2552216351032257, 0.2241...   
19  [319.94378662109375, 0.11617573350667953, 0.15...   
20  [303.2249755859375, 1.2647521495819092, 0.8626...   
21  [287.09210205078125, 0.1255055069923401, 0.123...   
22  [220.51820373535156, 0.139779195189476, 0.2655...   
23  [346.861572265625, 0.3511282801628113, 0.12359...   
24  [361.555419921875, 0.17025049030780792, 0.1424...   
25  [310.6975402832031, 1.8554800748825073, 0.4451...   
26  [358.4078063964844, 0.6759539842605591, 0.1262...   
27  [270.9425048828125, 0.9340895414352417, 0.1127...   
28  [306.1722717285156, 0.10776276886463165, 5.241...   
29  [363.3645935058594, 4.048549652099609, 1.85771...   
30  [236.20184326171875, 0.42901575565338135, 0.24...   
31  [387.4604187011719, 1.0736918449401855, 0.1571...   
32  [317.5352783203125, 4.746515274047852, 0.73355...   
33  [388.6341247558594, 0.17028194665908813, 0.158...   
34  [271.3638000488281, 0.16155315935611725, 0.739...   
35  [212.57362365722656, 0.269307017326355, 0.1079...   
36  [350.3660583496094, 0.4400887191295624, 0.2747...   
37  [207.23028564453125, 0.27159520983695984, 0.24...   
38  [224.91326904296875, 0.12863990664482117, 0.52...   
39  [329.43450927734375, 0.10480910539627075, 0.50...   
40  [312.5591125488281, 0.4754801094532013, 0.2168...   
41  [205.76141357421875, 0.4970434606075287, 0.211...   
42  [351.09039306640625, 0.42782294750213623, 0.33...   
43  [277.59259033203125, 0.15434791147708893, 1.04...   
44  [372.5016784667969, 0.11546911299228668, 0.282...   
45  [219.69154357910156, 0.1484619826078415, 0.195...   
46  [267.0426330566406, 0.5204226970672607, 0.5154...   
47  [208.3302001953125, 0.10616375505924225, 0.103...   
48  [244.6614532470703, 0.20651154220104218, 0.206...   
49  [342.8376770019531, 0.10609175264835358, 0.662...   
50  [253.89691162109375, 0.7323559522628784, 0.117...   
51  [347.1266174316406, 0.2264382392168045, 0.1791...   
52  [330.1914978027344, 0.11153937131166458, 1.683...   
53  [311.3523254394531, 0.16436859965324402, 0.122...   
54  [318.554931640625, 0.23960813879966736, 0.2032...   
55  [343.7892761230469, 0.30799973011016846, 0.182...   
56  [201.8855743408203, 0.31005972623825073, 0.254...   
57  [203.50291442871094, 0.19816336035728455, 4.24...   
58  [210.88116455078125, 0.37493178248405457, 0.10...   
59  [339.4510498046875, 0.8117539286613464, 0.6286...   
60  [353.289306640625, 0.13144786655902863, 0.1658...   
61  [255.5791015625, 0.3182699680328369, 0.2088302...   
62  [322.7054748535156, 1.6149160861968994, 1.0011...   
63  [397.609375, 0.16629986464977264, 0.1022400185...   
64  [227.50772094726562, 0.45874372124671936, 0.13...   
65  [303.14398193359375, 0.1311551183462143, 1.215...   
66  [382.9829406738281, 0.1849430501461029, 0.4333...   
67  [265.9382629394531, 0.18552391231060028, 0.842...   
68  [252.8179168701172, 0.8755230903625488, 0.1953...   
69  [336.0726013183594, 0.31706926226615906, 0.287...   
70  [244.18612670898438, 0.13744889199733734, 0.11...   
71  [266.0538635253906, 0.15030808746814728, 0.600...   
72  [305.3557434082031, 0.2597874104976654, 0.3091...   
73  [388.79522705078125, 0.23682668805122375, 0.26...   
74  [273.48236083984375, 0.10455624759197235, 0.12...   
75  [386.8903503417969, 0.2089921087026596, 0.1364...   
76  [327.5536193847656, 0.7149807214736938, 0.3095...   
77  [337.1675109863281, 2.121276617050171, 1.02713...   
78  [323.6435546875, 0.11752951890230179, 0.182043...   
79  [230.86953735351562, 0.17052215337753296, 0.19...   
80  [262.1756591796875, 0.15345413982868195, 0.133...   
81  [309.9000244140625, 0.41744735836982727, 0.305...   
82  [343.0621337890625, 0.4530034065246582, 0.2656...   
83  [304.56719970703125, 0.21939516067504883, 0.20...   
84  [273.88311767578125, 0.449337363243103, 0.2988...   
85  [384.5420227050781, 2.6443569660186768, 0.1876...   
86  [303.6246643066406, 1.3041106462478638, 0.8872...   
87  [218.53570556640625, 0.13903158903121948, 0.19...   
88  [199.1757354736328, 0.24685080349445343, 0.195...   
89  [353.2225646972656, 0.16027170419692993, 20.17...   
90  [342.30426025390625, 0.20287750661373138, 0.13...   
91  [284.06689453125, 0.9859562516212463, 0.941353...   
92  [268.40008544921875, 0.2774563431739807, 0.249...   
93  [356.90972900390625, 0.23847350478172302, 0.36...   
94  [377.0569152832031, 0.138276144862175, 0.13228...   
95  [262.832763671875, 0.1638583540916443, 0.11875...   
96  [376.1881408691406, 0.1934308558702469, 0.1961...   
97  [287.25372314453125, 0.5419800281524658, 0.330...   
98  [328.05841064453125, 0.44382336735725403, 0.43...   
99  [365.8235778808594, 0.229856476187706, 0.14796...   

                                                    X  \
0   [0.5060036778450012, 0.4602412283420563, 0.241...   
1   [0.9221368432044983, 0.4040195047855377, 0.564...   
2   [0.4299778342247009, 0.2134392261505127, -0.05...   
3   [0.09344180673360825, 0.09024396538734436, 0.0...   
4   [0.482828825712204, 0.8835945129394531, 0.8595...   
5   [0.31640729308128357, 0.30675429105758667, 0.3...   
6   [0.2468344271183014, 0.30434003472328186, 0.34...   
7   [0.2467440962791443, 0.1992277204990387, 0.195...   
8   [0.19108998775482178, 0.4620208144187927, 0.47...   
9   [0.007042495533823967, 0.0467846654355526, 0.0...   
10  [-0.9597910046577454, -0.35757941007614136, -0...   
11  [0.7217684388160706, 0.8878429532051086, 0.890...   
12  [-0.37592801451683044, -0.3519435226917267, -0...   
13  [0.08234567195177078, 0.024725589901208878, 0....   
14  [0.919773519039154, 0.8153906464576721, 0.8122...   
15  [0.9892758727073669, 1.1319756507873535, 1.138...   
16  [0.11079488694667816, 0.5353555679321289, 0.72...   
17  [-0.014107756316661835, 1.0561202764511108, 1....   
18  [0.7166735529899597, 0.619015097618103, 0.6150...   
19  [0.11254920810461044, 0.128675177693367, 0.218...   
20  [-0.8828834891319275, -0.7034428119659424, -0....   
21  [-0.2815532982349396, 0.6123619079589844, 0.41...   
22  [0.1469004899263382, -0.9695551991462708, -0.8...   
23  [0.11230847984552383, -0.28705957531929016, -0...   
24  [-0.016867129132151604, 0.014483103528618813, ...   
25  [-0.5682451725006104, -0.3328177034854889, -0....   
26  [0.4331650733947754, -0.9057216048240662, -1.0...   
27  [-0.9992654323577881, -1.4363175630569458, -1....   
28  [0.3559054732322693, 1.3141529560089111, 0.615...   
29  [0.3155350685119629, 0.8992887735366821, 1.412...   
30  [-0.4179244935512543, -1.1623138189315796, -1....   
31  [0.756652295589447, 0.8400089144706726, 0.8400...   
32  [-0.7952970862388611, -0.8484361171722412, -0....   
33  [0.6022601127624512, 0.20510298013687134, 0.20...   
34  [0.8391479253768921, -0.21249818801879883, -0....   
35  [0.41389235854148865, 0.37148967385292053, 0.3...   
36  [-0.8075366020202637, -1.1154906749725342, -1....   
37  [-0.3268471658229828, -0.24611464142799377, -0...   
38  [0.42820337414741516, 0.405348539352417, 0.403...   
39  [-0.3622410297393799, -0.12343758344650269, -0...   
40  [0.34953609108924866, 0.45574456453323364, 0.5...   
41  [0.31760331988334656, 1.0792419910430908, 1.24...   
42  [0.8456192016601562, 0.47442367672920227, 0.47...   
43  [-0.5791684985160828, -0.7032408714294434, -0....   
44  [-0.7014791965484619, -0.6652370095252991, -0....   
45  [0.9686952233314514, 0.9801847338676453, 0.956...   
46  [-0.6913691163063049, -0.5335144996643066, -0....   
47  [0.46799564361572266, 0.4595640301704407, 0.26...   
48  [0.21622334420681, 0.30842918157577515, 0.3624...   
49  [-0.3738173544406891, -0.2542257010936737, -0....   
50  [-0.04577593877911568, -0.06127865985035896, -...   
51  [-0.5385618209838867, -0.6348206996917725, -0....   
52  [-0.9798319339752197, -0.340076208114624, -0.7...   
53  [0.23036180436611176, 0.22153668105602264, 0.2...   
54  [-0.7222773432731628, -0.6805410981178284, -0....   
55  [-0.6842002272605896, -0.7206946611404419, -0....   
56  [0.7556399703025818, 0.8216333389282227, 0.824...   
57  [0.5591332912445068, 0.4413900673389435, 0.459...   
58  [-0.19987620413303375, -0.15674707293510437, -...   
59  [-0.47162795066833496, -0.3081827759742737, -0...   
60  [-0.6433348655700684, -0.005474210716784, -0.1...   
61  [0.3240709602832794, -0.27395331859588623, -0....   
62  [0.5930463075637817, 0.7257907390594482, 0.729...   
63  [-0.7436882257461548, -0.7736895084381104, -0....   
64  [-0.05522037670016289, -0.16221413016319275, -...   
65  [-0.2618412971496582, 0.019837448373436928, 0....   
66  [-0.4474652111530304, 0.05549025908112526, 0.0...   
67  [-0.5653843879699707, -0.6983853578567505, -0....   
68  [0.86562579870224, 0.27078279852867126, 0.1553...   
69  [-0.2898837625980377, -0.24021978676319122, -0...   
70  [0.8773044943809509, 0.42661553621292114, 0.28...   
71  [0.5107436180114746, 0.6136170625686646, 0.612...   
72  [-0.9437543153762817, -0.3135938048362732, -0....   
73  [-0.16131769120693207, -0.5396354794502258, -0...   
74  [0.8784459233283997, 0.9460839629173279, 0.897...   
75  [-0.7458523511886597, -0.5176611542701721, -0....   
76  [0.12078857421875, 0.029891496524214745, -0.02...   
77  [0.5674045085906982, 0.10151168704032898, 0.09...   
78  [0.627203643321991, 0.5611345767974854, 0.5648...   
79  [-0.38813498616218567, 0.12430527806282043, 0....   
80  [-0.5226961374282837, 0.07025231420993805, 0.0...   
81  [-0.38441202044487, -0.2811877131462097, -0.27...   
82  [0.009878282435238361, 0.09127726405858994, 0....   
83  [0.6057162284851074, 0.7181296348571777, 0.778...   
84  [-0.924084484577179, -1.1223959922790527, -1.2...   
85  [-0.2759154438972473, -0.6749094128608704, -1....   
86  [0.45622164011001587, 0.7130544781684875, 0.71...   
87  [-0.6652714014053345, -0.6849702000617981, -0....   
88  [-0.2754403352737427, -0.19444365799427032, -0...   
89  [-0.9415184259414673, -0.9783515930175781, -0....   
90  [0.9132236242294312, 1.273525357246399, 1.2131...   
91  [-0.31205907464027405, -0.3057452440261841, -0...   
92  [0.6391140222549438, 0.2575889229774475, -0.21...   
93  [0.052591461688280106, -0.007539866026490927, ...   
94  [-0.817291796207428, -0.8141812682151794, -0.8...   
95  [-0.2319289743900299, 0.12793579697608948, 0.0...   
96  [0.2688532769680023, -0.12351325154304504, -0....   
97  [0.5769352912902832, 0.591123640537262, 0.5980...   
98  [-0.1311819851398468, -0.17549633979797363, -0...   
99  [0.9306830763816833, 0.6259985566139221, 0.369...   

                                                    Y  \
0   [0.08302455395460129, 0.14242495596408844, 0.3...   
1   [0.3682415783405304, -0.11735833436250687, -0....   
2   [-0.2364387810230255, -0.42228156328201294, -0...   
3   [0.5404730439186096, 0.5969219207763672, 0.702...   
4   [0.5934655666351318, 0.5116012096405029, 0.519...   
5   [-0.9850276708602905, -0.9613068699836731, -0....   
6   [-0.23326969146728516, -0.7069546580314636, -1...   
7   [0.9526588320732117, 0.8736891150474548, 0.875...   
8   [0.2558073103427887, 0.13270795345306396, 0.08...   
9   [0.4801761209964752, 0.4915190637111664, 0.488...   
10  [-0.13200032711029053, 0.07168246805667877, 0....   
11  [-0.0781167671084404, 0.2741641402244568, 0.27...   
12  [0.5994192361831665, 0.6567265391349792, 0.656...   
13  [0.7608692646026611, 0.7333579063415527, 0.734...   
14  [0.5179047584533691, 0.4968687891960144, 0.495...   
15  [-0.47884833812713623, -0.9462319016456604, -0...   
16  [-0.8660245537757874, -1.0902196168899536, -1....   
17  [0.11287517100572586, -0.11925552040338516, -0...   
18  [0.09532282501459122, 0.08263123035430908, 0.0...   
19  [0.484478622674942, 0.5113015174865723, 0.6589...   
20  [-0.2730557918548584, -0.3852369785308838, -0....   
21  [-0.6750624179840088, -0.8268495798110962, -0....   
22  [0.8057863712310791, 0.6034578680992126, 0.628...   
23  [-0.2729576528072357, -0.3204818367958069, -0....   
24  [0.5112087726593018, 0.5132473707199097, 0.496...   
25  [0.6094091534614563, 0.6722509264945984, 0.674...   
26  [0.8251281976699829, 1.4130679368972778, 1.459...   
27  [-0.7588304877281189, -0.9218152761459351, -0....   
28  [-0.2908284664154053, 0.28253838419914246, -0....   
29  [-0.6343176960945129, -0.5558695793151855, -0....   
30  [0.7015253305435181, 0.8623607754707336, 0.871...   
31  [-0.6198068261146545, 0.010526563040912151, 0....   
32  [-0.008828210644423962, -0.2859615683555603, -...   
33  [-0.643792986869812, -1.6104416847229004, -1.6...   
34  [0.09006738662719727, -0.9033111929893494, -0....   
35  [0.3200837969779968, 0.21838541328907013, 0.21...   
36  [0.31994691491127014, 0.7022820115089417, 0.72...   
37  [0.5283511281013489, 0.4712507426738739, 0.434...   
38  [-0.08185584843158722, -0.12022223323583603, -...   
39  [0.8132948875427246, 0.5023993849754333, 0.596...   
40  [0.7547407746315002, 0.784896731376648, 0.7942...   
41  [-0.7796936631202698, -0.19647762179374695, -0...   
42  [0.06961692124605179, 1.1306302547454834, 1.17...   
43  [-0.5408189296722412, -0.40638619661331177, -0...   
44  [-0.10148771852254868, 0.12599115073680878, 0....   
45  [-0.7060158848762512, -0.8260369300842285, -0....   
46  [0.4386584162712097, 0.5469379425048828, 0.678...   
47  [-0.49388423562049866, -0.6688004732131958, -1...   
48  [0.06833287328481674, -0.011641821824014187, -...   
49  [0.026243723928928375, -0.23757678270339966, -...   
50  [0.7757629752159119, 0.7289508581161499, 0.728...   
51  [-0.7963539958000183, -0.6686875820159912, -0....   
52  [-0.11099972575902939, 0.6044740676879883, 0.3...   
53  [-0.818507969379425, -1.4405896663665771, -1.4...   
54  [0.41287437081336975, 0.055834878236055374, -0...   
55  [0.7143123745918274, 0.6785934567451477, 0.626...   
56  [0.8394590020179749, 0.12960772216320038, 0.10...   
57  [0.28723883628845215, 0.5301855206489563, 0.48...   
58  [0.21934816241264343, 0.2136225402355194, 0.22...   
59  [-0.1952616423368454, -0.10075248032808304, -0...   
60  [-0.9526143074035645, -1.0041991472244263, -0....   
61  [0.5238781571388245, 0.42178845405578613, 0.48...   
62  [-0.9962635636329651, -0.803131639957428, -0.7...   
63  [-0.3754226863384247, -0.3193548619747162, -0....   
64  [-0.11353006958961487, -0.2791154682636261, -0...   
65  [-0.8658272624015808, -0.7045417428016663, -0....   
66  [0.5985183715820312, 0.2853013873100281, 0.303...   
67  [0.21617154777050018, 0.07567695528268814, 0.0...   
68  [0.45635566115379333, 0.7499570250511169, 0.81...   
69  [0.5022155046463013, 0.5248408913612366, 0.533...   
70  [-0.25169581174850464, -0.19088037312030792, -...   
71  [-0.37489309906959534, -0.3402528762817383, -0...   
72  [0.41088539361953735, 0.7542802691459656, 0.74...   
73  [-0.41737574338912964, -0.14433085918426514, -...   
74  [0.35386401414871216, 0.29929471015930176, 0.2...   
75  [0.07565609365701675, -0.2416212111711502, -0....   
76  [0.5775166749954224, 0.7517403364181519, 0.831...   
77  [0.43530774116516113, 0.5230882167816162, 0.52...   
78  [-0.2845453917980194, -0.3191787600517273, -0....   
79  [-0.9934346079826355, -2.3054161071777344, -2....   
80  [0.8016815185546875, 1.360256314277649, 1.3363...   
81  [0.5663695335388184, 1.0774682760238647, 1.148...   
82  [-0.3378894031047821, -0.48674067854881287, -0...   
83  [0.09881877899169922, -0.16926789283752441, -0...   
84  [-0.05216723307967186, -0.13664193451404572, -...   
85  [0.3347437381744385, 0.3817162811756134, 0.447...   
86  [0.1795850247144699, -0.3484528958797455, -0.3...   
87  [-0.6226699352264404, -0.4641247093677521, -0....   
88  [-0.33803191781044006, 0.5645620226860046, 0.6...   
89  [0.9533183574676514, 1.0229097604751587, 1.019...   
90  [0.0230010524392128, 0.35364601016044617, 0.32...   
91  [-0.9916064739227295, -0.987424373626709, -0.9...   
92  [-0.854699432849884, -0.018672863021492958, 1....   
93  [0.44260725378990173, 0.3323555290699005, 0.34...   
94  [0.43242260813713074, 0.3968872129917145, 0.29...   
95  [-0.26142004132270813, -0.4528783857822418, -0...   
96  [0.5145335793495178, 1.3349825143814087, 1.288...   
97  [0.657706081867218, 0.5917711853981018, 0.5804...   
98  [-0.22431054711341858, -0.2985822260379791, -0...   
99  [-0.12866578996181488, -0.04014857858419418, -...   

                                                    Z  \
0   [-3046.86790822109, -3045.758777361715, -3042....   
1   [-3045.6440304659463, -3040.2941769503213, -30...   
2   [-3043.3017451051055, -3040.6242548707305, -30...   
3   [-3041.9692237571535, -3040.3801124290285, -30...   
4   [-3046.496077073156, -3040.490217698156, -3040...   
5   [-3044.4762995528117, -3041.3901179121867, -30...   
6   [-3045.1879688064187, -3042.8246875564187, -30...   
7   [-3047.8793753234536, -3044.0012014953286, -30...   
8   [-3043.327137645716, -3037.690418895716, -3036...   
9   [-3044.72264535215, -3042.40526253965, -3042.0...   
10  [-3047.126694593952, -3043.404770765827, -3043...   
11  [-3047.978016899013, -3043.667958305263, -3043...   
12  [-3047.4484739397262, -3046.5324583147262, -30...   
13  [-3041.280994521904, -3034.461658584404, -3034...   
14  [-3043.759264799492, -3040.850573393242, -3040...   
15  [-3041.1110673236144, -3032.6222977923644, -30...   
16  [-3045.214825282709, -3041.892315517084, -3040...   
17  [-3045.8088204041596, -3037.3659493104096, -30...   
18  [-3044.522442948409, -3042.263898026534, -3042...   
19  [-3041.7448570939237, -3041.3625328751737, -30...   
20  [-3042.704823837269, -3041.352528915394, -3037...   
21  [-3042.3928070186926, -3034.8466644405676, -30...   
22  [-3047.9792375608404, -3041.2675676389654, -30...   
23  [-3041.461902315521, -3035.283191378021, -3035...   
24  [-3043.207992156115, -3037.78587301549, -3037....   
25  [-3042.9455380985355, -3032.0866513797855, -30...   
26  [-3043.6757640919727, -3034.8893871388477, -30...   
27  [-3043.5082822557597, -3036.9907041307597, -30...   
28  [-3043.2094558110134, -3036.8312819828884, -30...   
29  [-3044.9123340549245, -3040.7443653049245, -30...   
30  [-3041.7900269594993, -3037.0812867251243, -30...   
31  [-3041.0590663281605, -3035.0292811719105, -30...   
32  [-3044.7114127185646, -3040.5810416248146, -30...   
33  [-3046.80443062615, -3037.79954781365, -3037.2...   
34  [-3043.9462762076855, -3034.6325555045605, -30...   
35  [-3045.879378909063, -3041.740951174688, -3041...   
36  [-3047.696767164625, -3043.671132399, -3043.47...   
37  [-3047.2101858983046, -3046.1486624608046, -30...   
38  [-3047.145251764647, -3044.401355280272, -3044...   
39  [-3043.0329424573624, -3040.7719561292374, -30...   
40  [-3045.4186910517224, -3043.2114156610974, -30...   
41  [-3043.2563279398396, -3036.9787400492146, -30...   
42  [-3042.948720179196, -3035.846913538571, -3035...   
43  [-3043.9789924853617, -3041.1208381884867, -30...   
44  [-3046.701400977663, -3044.578598243288, -3045...   
45  [-3046.405746465714, -3043.137191778214, -3043...   
46  [-3043.8198064263916, -3040.5922673638916, -30...   
47  [-3045.3618058963375, -3040.9799699588375, -30...   
48  [-3046.6010592948796, -3044.1703952323796, -30...   
49  [-3043.6764941911456, -3041.3432422380206, -30...   
50  [-3044.8781545974857, -3041.9272268631107, -30...   
51  [-3042.1950500376047, -3040.5529601938547, -30...   
52  [-3045.8469112083053, -3037.6655147239303, -30...   
53  [-3042.7302125832944, -3035.1452516457944, -30...   
54  [-3044.4562791771737, -3042.2621873802987, -30...   
55  [-3047.965558274064, -3044.978497727189, -3042...   
56  [-3041.5402700028935, -3036.9943715653935, -30...   
57  [-3041.8974462570227, -3036.5485693038977, -30...   
58  [-3046.214587090945, -3044.30076873157, -3044....   
59  [-3045.8620472819807, -3042.7475453288557, -30...   
60  [-3045.5361145953257, -3041.2067688922007, -30...   
61  [-3041.886220436865, -3036.81517551499, -3037....   
62  [-3046.60374370323, -3043.987776906355, -3043....   
63  [-3043.9203976537046, -3036.8315304662046, -30...   
64  [-3041.1835764917023, -3033.2792796167023, -30...   
65  [-3042.527821944298, -3036.731435225548, -3036...   
66  [-3042.366437429719, -3034.994855398469, -3035...   
67  [-3047.9299188684167, -3046.0012079309167, -30...   
68  [-3042.3735215528436, -3035.3232285840936, -30...   
69  [-3041.271953339467, -3037.639629120717, -3036...   
70  [-3046.4018379192385, -3043.5829902629885, -30...   
71  [-3042.2858721955267, -3034.6401202424017, -30...   
72  [-3042.695783012017, -3037.424786918267, -3037...   
73  [-3041.351306355749, -3036.426501668249, -3036...   
74  [-3047.6137529508665, -3041.6015459196165, -30...   
75  [-3045.316880789586, -3040.617417898961, -3037...   
76  [-3044.1105835891767, -3041.6032593704267, -30...   
77  [-3047.2697643525094, -3042.9318737275094, -30...   
78  [-3041.999008845837, -3035.685776423962, -3035...   
79  [-3042.0522324525323, -3032.7734238587823, -30...   
80  [-3043.292219068197, -3036.197736646322, -3036...   
81  [-3046.612782903067, -3043.407948918692, -3043...   
82  [-3045.9054993784125, -3042.3991517221625, -30...   
83  [-3044.2072629938752, -3042.1489133845002, -30...   
84  [-3045.743636122131, -3043.076399794006, -3041...   
85  [-3043.120106686351, -3040.552479733226, -3036...   
86  [-3041.1484248056304, -3035.7509638681304, -30...   
87  [-3047.221173628752, -3044.407941206877, -3044...   
88  [-3041.630111474299, -3036.162582177424, -3035...   
89  [-3044.8915848141946, -3042.8398270016946, -30...   
90  [-3041.2214238451543, -3035.6525761889043, -30...   
91  [-3046.4880211263917, -3041.9059898763917, -30...   
92  [-3045.095935242573, -3037.599353211323, -3027...   
93  [-3042.1957856650693, -3037.4677583213193, -30...   
94  [-3042.8190774675277, -3035.4123391862777, -30...   
95  [-3044.2475471077296, -3040.4658088264796, -30...   
96  [-3043.7175172969005, -3033.7241090937755, -30...   
97  [-3044.7685356224347, -3041.1210746849347, -30...   
98  [-3044.826893766225, -3043.725331266225, -3042...   
99  [-3047.672348471921, -3042.726791831296, -3037...   

                                             MotherId  \
0   [-1, 0, 1, 2, 0, 4, 5, 5, 5, 0, 0, 10, 9, 7, 6...   
1   [-1, 0, 0, 0, 0, 4, 5, 0, 0, 0, 9, 10, 10, 0, ...   
2   [-1, 0, 1, 2, 0, 4, 0, 0, 7, 8, 9, 0, 11, 12, ...   
3   [-1, 0, 1, 0, 3, 4, 4, 6, 7, 0, 9, 0, 0, 12, 0...   
4   [-1, 0, 0, 0, 0, 4, 5, 0, 0, 8, 0, 10, 0, 12, ...   
5   [-1, 0, 0, 0, 3, 0, 5, 0, 7, 8, 9, 0, 11, 12, ...   
6   [-1, 0, 1, 0, 3, 0, 0, 6, 7, 8, 7, 7, 11, 0, 1...   
7   [-1, 0, 0, 2, 0, 4, 5, 6, 7, 7, 9, 0, 11, 12, ...   
8   [-1, 0, 1, 2, 0, 4, 0, 6, 7, 8, 0, 10, 11, 11,...   
9   [-1, 0, 1, 0, 3, 0, 5, 6, 7, 8, 6, 10, 0, 0, 1...   
10  [-1, 0, 1, 0, 3, 0, 5, 0, 7, 8, 0, 10, 0, 12, ...   
11  [-1, 0, 1, 0, 3, 0, 0, 6, 7, 8, 7, 7, 11, 12, ...   
12  [-1, 0, 0, 2, 3, 0, 5, 6, 6, 6, 0, 10, 0, 12, ...   
13  [-1, 0, 0, 0, 3, 4, 0, 0, 7, 8, 8, 0, 11, 12, ...   
14  [-1, 0, 1, 2, 2, 2, 5, 2, 7, 2, 9, 10, 2, 12, ...   
15  [-1, 0, 1, 0, 3, 0, 5, 6, 7, 0, 0, 10, 11, 12,...   
16  [-1, 0, 1, 0, 3, 0, 5, 6, 0, 8, 0, 10, 0, 0, 1...   
17  [-1, 0, 1, 2, 0, 4, 5, 5, 0, 0, 9, 0, 11, 0, 0...   
18  [-1, 0, 1, 0, 3, 4, 5, 6, 7, 0, 9, 10, 10, 10,...   
19  [-1, 0, 0, 0, 0, 4, 0, 6, 7, 8, 9, 7, 7, 12, 1...   
20  [-1, 0, 1, 2, 0, 4, 0, 0, 7, 8, 9, 8, 0, 12, 1...   
21  [-1, 0, 0, 2, 0, 0, 5, 0, 7, 0, 0, 10, 11, 12,...   
22  [-1, 0, 0, 0, 0, 0, 5, 6, 6, 8, 6, 10, 0, 12, ...   
23  [-1, 0, 1, 0, 3, 0, 0, 6, 7, 8, 7, 10, 11, 12,...   
24  [-1, 0, 1, 0, 3, 4, 4, 0, 7, 0, 9, 0, 0, 0, 13...   
25  [-1, 0, 1, 2, 2, 0, 5, 0, 0, 8, 0, 10, 11, 11,...   
26  [-1, 0, 1, 2, 0, 4, 5, 0, 7, 0, 9, 0, 0, 12, 0...   
27  [-1, 0, 1, 0, 0, 4, 0, 6, 0, 8, 9, 0, 11, 0, 1...   
28  [-1, 0, 0, 2, 3, 0, 0, 6, 7, 8, 7, 7, 11, 12, ...   
29  [-1, 0, 1, 2, 3, 2, 2, 6, 7, 7, 2, 2, 0, 0, 0,...   
30  [-1, 0, 1, 0, 0, 4, 5, 0, 7, 0, 9, 0, 11, 12, ...   
31  [-1, 0, 1, 0, 3, 0, 5, 6, 6, 8, 6, 10, 0, 12, ...   
32  [-1, 0, 1, 2, 3, 4, 5, 6, 2, 0, 9, 10, 11, 12,...   
33  [-1, 0, 1, 0, 3, 0, 5, 6, 6, 0, 0, 10, 11, 11,...   
34  [-1, 0, 0, 2, 0, 0, 0, 0, 7, 0, 0, 10, 0, 0, 1...   
35  [-1, 0, 1, 0, 0, 0, 0, 6, 0, 8, 9, 9, 11, 12, ...   
36  [-1, 0, 1, 2, 3, 4, 0, 0, 7, 8, 9, 10, 8, 12, ...   
37  [-1, 0, 1, 2, 0, 4, 0, 6, 7, 8, 7, 10, 7, 12, ...   
38  [-1, 0, 0, 2, 3, 0, 0, 6, 7, 0, 9, 10, 0, 12, ...   
39  [-1, 0, 0, 2, 0, 4, 5, 5, 0, 8, 9, 0, 11, 0, 1...   
40  [-1, 0, 1, 0, 3, 4, 5, 0, 7, 0, 9, 10, 11, 12,...   
41  [-1, 0, 1, 0, 3, 4, 5, 4, 7, 4, 9, 10, 11, 4, ...   
42  [-1, 0, 1, 2, 0, 0, 0, 6, 0, 8, 9, 10, 9, 12, ...   
43  [-1, 0, 0, 2, 3, 0, 5, 6, 7, 6, 9, 6, 6, 6, 13...   
44  [-1, 0, 0, 0, 3, 4, 5, 4, 4, 4, 9, 0, 11, 12, ...   
45  [-1, 0, 0, 2, 0, 0, 5, 6, 7, 8, 6, 10, 6, 0, 0...   
46  [-1, 0, 1, 2, 2, 0, 0, 6, 0, 8, 0, 0, 11, 0, 1...   
47  [-1, 0, 1, 0, 3, 4, 0, 0, 7, 8, 9, 10, 11, 10,...   
48  [-1, 0, 1, 0, 0, 4, 0, 0, 7, 0, 0, 10, 11, 11,...   
49  [-1, 0, 0, 0, 0, 4, 5, 5, 7, 8, 5, 10, 11, 5, ...   
50  [-1, 0, 1, 0, 3, 0, 5, 0, 7, 0, 9, 10, 11, 0, ...   
51  [-1, 0, 1, 2, 3, 0, 5, 6, 0, 0, 9, 10, 11, 12,...   
52  [-1, 0, 0, 2, 3, 4, 3, 6, 3, 8, 9, 10, 3, 0, 1...   
53  [-1, 0, 0, 0, 0, 4, 5, 0, 0, 0, 0, 10, 11, 0, ...   
54  [-1, 0, 1, 0, 0, 4, 0, 6, 0, 8, 9, 9, 11, 9, 9...   
55  [-1, 0, 1, 0, 0, 4, 5, 0, 0, 8, 9, 10, 9, 12, ...   
56  [-1, 0, 1, 0, 3, 0, 0, 6, 0, 0, 0, 10, 11, 12,...   
57  [-1, 0, 0, 0, 3, 4, 4, 6, 7, 7, 7, 7, 7, 12, 1...   
58  [-1, 0, 0, 0, 3, 0, 5, 6, 7, 6, 0, 10, 0, 0, 0...   
59  [-1, 0, 1, 2, 2, 0, 0, 6, 0, 0, 9, 10, 0, 12, ...   
60  [-1, 0, 0, 0, 0, 0, 5, 6, 6, 8, 9, 9, 0, 12, 1...   
61  [-1, 0, 0, 2, 0, 0, 5, 0, 7, 8, 8, 8, 11, 12, ...   
62  [-1, 0, 1, 2, 3, 2, 5, 2, 0, 8, 0, 0, 11, 12, ...   
63  [-1, 0, 0, 0, 3, 4, 4, 6, 0, 0, 0, 10, 11, 12,...   
64  [-1, 0, 1, 2, 0, 4, 0, 0, 0, 8, 0, 0, 11, 12, ...   
65  [-1, 0, 0, 2, 3, 4, 3, 6, 3, 3, 9, 0, 11, 0, 1...   
66  [-1, 0, 0, 2, 3, 0, 0, 6, 7, 8, 0, 0, 0, 12, 0...   
67  [-1, 0, 0, 0, 3, 4, 5, 6, 4, 8, 9, 4, 11, 0, 1...   
68  [-1, 0, 1, 0, 3, 0, 5, 6, 7, 0, 9, 10, 0, 12, ...   
69  [-1, 0, 1, 0, 0, 4, 5, 6, 5, 8, 9, 10, 9, 5, 5...   
70  [-1, 0, 1, 0, 3, 4, 0, 6, 7, 8, 7, 7, 7, 7, 7,...   
71  [-1, 0, 0, 2, 3, 3, 0, 0, 7, 8, 0, 10, 11, 11,...   
72  [-1, 0, 0, 0, 3, 0, 5, 0, 7, 0, 9, 10, 11, 10,...   
73  [-1, 0, 0, 0, 3, 0, 5, 0, 7, 8, 0, 0, 11, 0, 1...   
74  [-1, 0, 0, 0, 0, 0, 5, 0, 7, 0, 9, 10, 10, 12,...   
75  [-1, 0, 1, 0, 3, 4, 5, 0, 7, 8, 9, 10, 8, 8, 0...   
76  [-1, 0, 1, 0, 0, 4, 5, 5, 5, 8, 9, 9, 0, 12, 0...   
77  [-1, 0, 1, 2, 2, 4, 5, 6, 2, 0, 0, 0, 11, 0, 1...   
78  [-1, 0, 0, 2, 0, 4, 5, 0, 0, 8, 9, 10, 11, 12,...   
79  [-1, 0, 0, 2, 3, 0, 0, 6, 7, 8, 9, 10, 7, 12, ...   
80  [-1, 0, 0, 0, 3, 0, 5, 6, 7, 0, 0, 0, 0, 12, 1...   
81  [-1, 0, 1, 0, 3, 4, 5, 4, 7, 4, 9, 10, 4, 0, 1...   
82  [-1, 0, 0, 2, 0, 4, 5, 0, 0, 8, 0, 10, 11, 11,...   
83  [-1, 0, 1, 0, 3, 0, 0, 0, 7, 0, 0, 0, 11, 10, ...   
84  [-1, 0, 1, 2, 0, 4, 5, 5, 5, 8, 5, 10, 5, 12, ...   
85  [-1, 0, 1, 0, 3, 0, 5, 0, 0, 0, 0, 0, 11, 0, 1...   
86  [-1, 0, 1, 2, 2, 4, 0, 6, 7, 0, 9, 10, 11, 0, ...   
87  [-1, 0, 0, 2, 0, 4, 0, 6, 7, 8, 7, 10, 0, 12, ...   
88  [-1, 0, 1, 2, 0, 0, 0, 6, 0, 8, 0, 10, 11, 11,...   
89  [-1, 0, 0, 2, 3, 3, 3, 3, 7, 3, 9, 10, 10, 12,...   
90  [-1, 0, 0, 0, 3, 4, 5, 0, 0, 8, 9, 9, 11, 0, 0...   
91  [-1, 0, 1, 2, 3, 2, 5, 0, 0, 8, 9, 10, 11, 9, ...   
92  [-1, 0, 1, 2, 0, 0, 0, 0, 7, 0, 9, 10, 11, 12,...   
93  [-1, 0, 0, 2, 0, 4, 0, 0, 7, 0, 9, 10, 11, 12,...   
94  [-1, 0, 1, 0, 3, 4, 5, 4, 4, 8, 9, 9, 11, 12, ...   
95  [-1, 0, 0, 0, 3, 4, 4, 6, 4, 8, 9, 4, 11, 4, 1...   
96  [-1, 0, 0, 2, 0, 0, 5, 0, 7, 8, 0, 0, 0, 12, 0...   
97  [-1, 0, 1, 2, 3, 0, 0, 6, 7, 8, 7, 7, 11, 7, 1...   
98  [-1, 0, 1, 2, 3, 0, 0, 6, 7, 7, 9, 10, 10, 7, ...   
99  [-1, 0, 1, 0, 3, 4, 4, 6, 0, 8, 9, 0, 0, 0, 13...   

                                              PdgCode  
0   [11, 22, 11, 11, 22, 11, 22, 22, 22, 22, 22, -...  
1   [11, 22, 22, 22, 22, 11, 22, 22, 22, 22, 11, 2...  
2   [11, 22, 11, 22, 22, 11, 22, 22, 11, 22, 11, 2...  
3   [11, 22, 11, 22, 11, 22, 22, 11, 22, 22, 11, 2...  
4   [11, 22, 22, 22, 22, 11, 22, 22, 22, 11, 22, 1...  
5   [11, 22, 22, 22, 11, 22, 11, 22, 11, 22, 11, 2...  
6   [11, 22, 11, 22, 11, 22, 22, 11, 22, 11, 22, 2...  
7   [11, 22, 22, 11, 22, 11, 22, 11, 11, 22, 11, 2...  
8   [11, 22, 11, 22, 22, 11, 22, 11, 22, 11, 22, 1...  
9   [11, 22, 11, 22, 11, 22, 11, 22, 11, 22, 22, 1...  
10  [11, 22, 11, 22, 11, 22, 11, 22, 11, 22, 22, 1...  
11  [11, 22, 11, 22, 11, 22, 22, 11, 22, 11, 22, 2...  
12  [11, 22, 22, 11, 22, 22, 11, 22, 22, 22, 22, 1...  
13  [11, 22, 22, 22, 11, 22, 22, 22, 11, 22, 22, 2...  
14  [11, 22, 11, 22, 22, 22, 11, 22, 11, 22, 11, 2...  
15  [11, 22, 11, 22, 11, 22, 11, 22, 11, 22, 22, 1...  
16  [11, 22, 11, 22, 11, 22, 11, 22, 22, 11, 22, 1...  
17  [11, 22, 11, 22, 22, 11, 22, 22, 22, 22, 11, 2...  
18  [11, 22, 11, 22, 11, 22, 11, 22, 11, 22, 11, 2...  
19  [11, 11, 22, 22, 22, 11, 22, 11, 22, 11, 22, 2...  
20  [11, 22, 11, 22, 22, 11, 22, 22, 11, 22, 11, 2...  
21  [11, 22, 22, 11, 22, 22, 11, 22, 11, 22, 22, 1...  
22  [11, 22, 22, 22, 22, 22, 11, 22, 22, 11, 22, 1...  
23  [11, 22, 11, 22, 11, 22, 22, 11, 22, 11, 22, 1...  
24  [11, 22, 11, 22, 11, 22, 22, 22, 11, 22, 11, 2...  
25  [11, 22, 11, 22, 22, 22, 11, 22, 22, 11, 22, 1...  
26  [11, 22, 11, 22, 22, 11, 22, 22, 11, 22, 11, 2...  
27  [11, 22, 11, 22, 22, 11, 22, 11, 22, 11, 22, 2...  
28  [11, 22, 22, 11, 22, 22, 22, 11, 22, 11, 22, 2...  
29  [11, 22, 11, 22, 11, 22, 22, 11, 22, 22, 22, 2...  
30  [11, 11, 22, 22, 22, 11, 22, 22, 11, 22, 11, 2...  
31  [11, 22, 11, 22, 11, 22, 11, 22, 22, 11, 22, 1...  
32  [11, 22, 11, 22, 11, 22, 11, 22, 22, 22, 11, 2...  
33  [11, 22, 11, 22, 11, 22, 11, 22, 22, 22, 22, 1...  
34  [11, 22, 22, 11, 22, 22, 22, 22, 11, 22, 22, 1...  
35  [11, 22, 11, 22, 22, 22, 22, 11, 22, 11, 22, 2...  
36  [11, 22, 11, 22, 11, 22, 22, 22, 11, 22, 11, 2...  
37  [11, 22, 11, 22, 22, 11, 22, 11, 22, 11, 22, 1...  
38  [11, 22, 22, 11, 22, 22, 22, 11, 22, 22, 11, 2...  
39  [11, 22, 22, 11, 22, 11, 22, 22, 22, 11, 22, 2...  
40  [11, 22, 11, 22, 11, 22, 11, 22, 11, 22, 11, 2...  
41  [11, 22, 11, 22, 11, 22, 11, 22, 11, 22, 11, 2...  
42  [11, 22, 11, 22, 22, 22, 22, 11, 22, 11, 22, 1...  
43  [11, 22, 22, 11, 22, 22, 11, 22, 11, 22, 11, 2...  
44  [11, 22, 22, 22, 11, 22, 11, 22, 22, 22, 11, 2...  
45  [11, 22, 22, 11, 22, 22, 11, 22, 11, 22, 22, 1...  
46  [11, 22, 11, 22, 22, 22, 22, 11, 22, 11, 22, 2...  
47  [11, 22, 11, 22, 11, 22, 22, 22, 11, 22, 11, 2...  
48  [11, 22, 11, 22, 22, 11, 22, 22, 11, 22, 22, 1...  
49  [11, 22, 22, 22, 22, 11, 22, 22, 11, 22, 22, 1...  
50  [11, 22, 11, 22, 11, 22, 11, 22, 11, 22, 11, 2...  
51  [11, 22, 11, 22, 11, 22, 11, 22, 22, 22, 11, 2...  
52  [11, 22, 22, 11, 22, 11, 22, 11, 22, 11, 22, 1...  
53  [11, 22, 22, 22, 22, 11, 22, 22, 22, 22, 22, 1...  
54  [11, 22, 11, 22, 22, 11, 22, 11, 22, 11, 22, 2...  
55  [11, 22, 11, 22, 22, 11, 22, 22, 22, 11, 22, 1...  
56  [11, 22, 11, 22, 11, 22, 22, 11, 22, 22, 22, 1...  
57  [11, 22, 22, 22, 11, 22, 22, 11, 22, 22, 22, 2...  
58  [11, 22, 22, 22, 11, 22, 11, 22, 11, 22, 22, 1...  
59  [11, 22, 11, 22, 22, 22, 22, 11, 22, 22, 11, 2...  
60  [11, 22, 22, 22, 22, 22, 11, 22, 22, 11, 22, 2...  
61  [11, 22, 22, 11, 22, 22, 11, 22, 11, 22, 22, 2...  
62  [11, 22, 11, 22, 11, 22, 11, 22, 22, 11, 22, 2...  
63  [11, 22, 22, 22, 11, 22, 22, 11, 22, 22, 22, 1...  
64  [11, 22, 11, 22, 22, 11, 22, 22, 22, 11, 22, 2...  
65  [11, 22, 22, 11, 22, 11, 22, 11, 22, 22, 11, 2...  
66  [11, 22, 22, 11, 22, 22, 22, 11, 22, 11, 22, 2...  
67  [11, 22, 22, 22, 11, 22, 11, 22, 22, 11, 22, 2...  
68  [11, 22, 11, 22, 11, 22, 11, 22, 11, 22, 11, 2...  
69  [11, 22, 11, 22, 22, 11, 22, 11, 22, 11, 22, 1...  
70  [11, 22, 11, 22, 11, 22, 22, 11, 22, 11, 22, 2...  
71  [11, 22, 22, 11, 22, 22, 22, 22, 11, 22, 22, 1...  
72  [11, 22, 22, 22, 11, 22, 11, 22, 11, 22, 11, 2...  
73  [11, 22, 22, 22, 11, 22, 11, 22, 11, 22, 22, 2...  
74  [11, 22, 22, 22, 22, 22, 11, 22, 11, 22, 11, 2...  
75  [11, 22, 11, 22, 11, 22, 11, 22, 11, 22, 11, 2...  
76  [11, 22, 11, 22, 22, 11, 22, 22, 22, 11, 22, 2...  
77  [11, 22, 11, 22, 22, 11, 22, 11, 22, 22, 22, 2...  
78  [11, 22, 22, 11, 22, 11, 22, 22, 22, 11, 22, 1...  
79  [11, 22, 22, 11, 22, 22, 22, 11, 22, 11, 22, 1...  
80  [11, 22, 22, 22, 11, 22, 11, 22, 11, 22, 22, 2...  
81  [11, 22, 11, 22, 11, 22, 11, 22, 11, 22, 11, 2...  
82  [11, 22, 22, 11, 22, 11, 22, 22, 22, 11, 22, 1...  
83  [11, 22, 11, 22, 11, 22, 22, 22, 11, 22, 22, 2...  
84  [11, 22, 11, 22, 22, 11, 22, 22, 22, 11, 22, 1...  
85  [11, 22, 11, 22, 11, 22, 11, 22, 22, 22, 22, 2...  
86  [11, 22, 11, 22, 22, 11, 22, 11, 22, 22, 11, 2...  
87  [11, 22, 22, 11, 22, 11, 22, 11, 22, 11, 22, 1...  
88  [11, 22, 11, 22, 22, 22, 22, 11, 22, 11, 22, 1...  
89  [11, 22, 22, 11, 22, 22, 22, 22, 11, 22, 11, 2...  
90  [11, 22, 22, 22, 11, 22, 11, 22, 22, 11, 22, 2...  
91  [11, 22, 11, 22, 11, 22, 11, 22, 22, 11, 22, 1...  
92  [11, 22, 11, 22, 22, 22, 22, 22, 11, 22, 11, 2...  
93  [11, 22, 22, 11, 22, 11, 22, 22, 11, 22, 11, 2...  
94  [11, 22, 11, 22, 11, 22, 11, 22, 22, 11, 22, 2...  
95  [11, 22, 22, 22, 11, 22, 22, 11, 22, 11, 22, 2...  
96  [11, 22, 22, 11, 22, 22, 11, 22, 11, 22, 22, 2...  
97  [11, 22, 11, 22, 11, 22, 22, 11, 22, 11, 22, 2...  
98  [11, 22, 11, 22, 11, 22, 22, 11, 22, 22, 11, 2...  
99  [11, 22, 11, 22, 11, 22, 22, 11, 22, 11, 22, 2...  
